5
4.4963
5
5
5
5
5
5
5
5
5
5
5
5
5
5
5
5
5
5
5
5
5
5
5
5
5
-5
-5
-2.84078
-2.77743
-4.93936
-4.70939
-4.03258
-1.1708
-1.32561
-1.21237
-1.10024
-0.930404
-0.827072
-0.683251
-0.633959
-0.512981
-0.436206
-0.413787
-0.350859
-0.302131
-0.270001
-0.201421
-0.118998
-0.133197
-0.108412
0
5
5
5
5
5
5
5
4.20051
3.83651
3.59476
3.29695
-5
-4.47889
-4.12829
-3.75937
-3.59158
-3.18336
-2.90776
-2.658
-2.44033
-2.19776
-1.99614
-1.82383
-1.71045
-1.5198
-1.36986
-1.25986
-1.06659
-0.912624
-5
-3.36538
-3.26734
-3.05979
-2.74894
-2.55516
-2.27999
-2.07108
-1.83984
-1.83819
-1.45327
-1.48222
-1.25058
-1.21154
-1.06009
-0.953294
-0.854032
-0.770181
-0.678874
-0.634136
-0.50163
-0.442863
-0.421748
-0.304517
0
5
5
5
5
5
5
5
5
5
5
5
5
5
5
5
-5
-5
-5
-5
-2.727
-2.87667
-5
-4.63307
-1.39531
-1.66731
-1.44967
-1.33183
-1.25402
-1.11387
-0.96801
-0.897415
-0.816266
-0.716012
-0.57431
-0.474134
-0.404442
-0.391724
-0.248607
-0.309186
-0.301252
-0.246012
-0.21546
-0.154805
0
5
3.98218
0
0
0
0
0
0
0
0
0
0
5
5
5
4.73263
4.42076
4.09912
3.70978
3.48168
3.23259
0
1.9744
5
5
5
5
5
5
5
-3.81642
-1.09179
-1.26572
-1.12191
-0.989099
-0.890391
-0.765471
-0.710088
-0.601135
-0.506904
-0.482819
-0.428077
-0.331452
-0.315655
-0.277733
-0.226744
-5
-3.31773
-3.29204
-2.88976
-2.67034
-2.42765
-4.30646
-1.35566
-1.34981
-1.22339
-1.17741
-1.02831
-0.911682
-3.71316
-1.21671
-1.27573
-1.15987
-0.99108
-0.886696
-0.865592
-0.790126
-0.636992
-0.628766
-0.567473
-0.486843
-0.36486
-0.23391
-0.11546
0
5
5
5
5
5
5
0
0
0
0
5
5
4.72977
4.21234
3.93714
5
5
5
5
5
5
5
5
5
5
-5
-5
-5
-5
-5
-5
-5
-4.59
-4.37885
-3.88397
-3.58205
-3.2458
-2.96286
-2.70095
-2.47273
-2.33932
-2.06703
-1.88522
-1.65298
-1.55709
-1.38361
-1.31097
-1.04988
-1.05325
-0.919695
-0.832423
-0.717407
-0.625651
-0.572459
0
0
0
0
0
0
0
0
0
0
1.22473
0.541137
0.394164
0.390355
0.385468
0.446244
0.494041
0.536656
0.611675
0.604148
0
0.0762027
0.115497
0.070186
0
0
0.0183469
0.122256
0.0780267
0.0622582
0.0761278
5
5
5
5
5
5
5
5
5
5
5
5
5
5
5
5
5
5
5
5
5
5
5
5
5
5
5
5
5
5
5
5
-5
-5
-5
-5
-4.38881
-4.26591
-3.7911
-3.3751
-3.20122
-2.96217
-2.54904
-2.44865
-2.26287
-2.01071
-1.77451
-1.70134
-5
-2.62811
-2.6058
-2.32797
-5
-5
-3.99934
-1.40488
-1.39964
-1.32311
-1.13426
-1.03877
-0.922399
-0.85538
-0.656379
-0.628533
-0.53445
-0.489928
-0.414531
-0.391769
-0.329434
-0.274621
-0.24234
-0.195093
-0.1481
-0.119897
0
5
2.91337
0
0
0
0
0
0
0
0
0
5
5
5
5
5
5
5
