0.401582
0.398868
0.400621
0.402837
0.403178
0.405039
0.404977
0.406511
0.407834
0.40631
0.407706
0.404974
0.406703
0.403603
0.403899
0.401653
0.401859
0.403116
0.4006
0.400297
0.394831
0.396405
0.390919
0.390038
0.386461
0.385256
0.386381
0.382531
0.381174
0.375042
0.375399
0.369016
0.369431
0.362967
0.363146
0.35691
0.35493
0.354894
0.348585
0.348236
0.342104
0.341483
0.335475
0.334558
0.328867
0.328057
0.322509
0.321248
0.318739
0.314521
0.309581
0.307201
0.30535
0.300668
0.298317
0.296311
0.29193
0.289885
0.285879
0.283583
0.281243
0.277425
0.273853
0.271568
0.269166
0.265848
3.99072
3.61056
3.27012
2.95558
2.73617
2.48563
2.25462
2.04609
1.86028
1.69368
1.54356
1.4086
1.2872
1.17801
1.07978
1.00906
0.910088
0.853209
0.775738
0.729955
0.676549
0.628211
0.585061
0.553535
0.516954
0.484779
0.450113
0.424703
0.406412
0.385411
0.366499
0.349471
0.331075
0.320415
0.307979
0.296779
0.286713
0.277657
0.269509
0.264228
0.257052
0.252275
0.246474
0.241819
0.236844
0.233305
0.229473
0.226099
0.222497
0.221095
0.223246
0.224407
0.220689
0.216686
0.215318
0.212171
0.209714
0.208002
0.206686
0.205564
0.214931
0.236039
0.247358
0.235671
0.217348
0.235925
0.221824
0.212384
0.207894
0.205495
0.20435
0.203153
0.207402
0.216105
0.212368
0.207076
0.239195
0.245952
0.225191
0.213961
0.209418
0.206879
0.205474
0.20707
0.221537
0.216174
0.215286
0.23972
0.225305
0.212711
0.208332
0.205306
0.203927
0.203854
0.202761
0.201905
0.201385
0.200895
0.200401
0.199969
0.199591
0.199252
0.198946
0.198727
0.198761
0.198459
0.198192
0.198602
0.199413
0.205638
0.202737
0.200707
0.199421
0.198828
0.20245
0.200942
0.199681
0.199061
0.200561
0.207367
0.203814
0.201403
0.200138
0.199497
0.199049
0.201266
0.200521
0.199543
0.199202
0.201751
0.200437
0.19944
0.199116
0.200293
0.201329
0.205921
0.203091
0.201157
0.199874
0.199576
0.19899
0.198581
0.198351
0.211548
0.253492
0.277679
0.290843
0.246661
0.226826
0.213802
0.20822
0.205827
0.20471
0.203692
0.212709
0.238779
0.249135
0.237375
0.259508
0.232472
0.215088
0.20784
0.205326
0.203897
0.202859
0.208343
0.230276
0.246948
0.225255
0.252039
0.238518
0.219699
0.210713
0.207223
0.205543
0.20434
0.204704
0.210343
0.207703
0.205012
0.215304
0.210537
0.20596
0.203588
0.202327
0.201528
0.201043
0.203092
0.202121
0.200962
0.200449
0.200702
0.199876
0.199302
0.198907
0.198605
0.198402
0.198174
0.197978
0.197796
0.197654
0.198784
0.208968
0.205375
0.202035
0.200398
0.1996
0.201623
0.21395
0.207917
0.203839
0.20666
0.220391
0.213851
0.206487
0.202959
0.20887
0.234254
0.279211
0.320378
0.325615
0.35024
0.302285
0.252007
0.230698
0.222544
0.21838
0.237726
0.283981
0.348825
0.412897
0.458712
0.490187
0.510697
0.520977
0.528405
0.53148
0.528912
0.434376
0.347972
0.312764
0.301049
0.311572
0.33872
0.36906
0.336304
0.29495
0.275789
0.263471
0.255505
0.248737
0.245625
0.260597
0.274386
0.2658
0.263052
0.241649
0.231304
0.223299
0.219891
0.217095
0.214907
0.21312
0.211889
0.210316
0.208868
0.207662
0.206441
0.205366
0.204427
0.203597
0.202854
0.202306
0.207972
0.213375
0.211857
0.208689
0.208647
0.204591
0.202131
