0.422523
0.423792
0.423855
0.424368
0.423982
0.424924
0.425515
0.424288
0.424478
0.422572
0.422547
0.419532
0.420455
0.41629
0.417138
0.416499
0.411724
0.412804
0.407397
0.407898
0.402399
0.4031
0.401812
0.395808
0.396067
0.389692
0.38996
0.38352
0.383457
0.376954
0.376933
0.374867
0.368264
0.368013
0.361372
0.360904
0.354475
0.353679
0.347533
0.346446
0.34034
0.339152
0.33331
0.330738
0.329118
0.323574
0.3217
0.316452
0.31445
0.309423
0.307306
0.302483
0.299907
0.297666
0.293282
0.290986
0.286815
0.284312
0.280368
0.277817
0.274093
0.271659
0
0.00883573
0.0289912
0.045306
0.0616549
0.0745553
0.0876301
0.0967701
0.105261
0.117875
0.130743
0.136322
0.1439
0.149088
0.148669
0.15799
0.158338
0.166037
0.165765
0.172236
0.171838
0.174014
0.17919
0.178882
0.183209
0.182861
0.186338
0.185806
0.18871
0.18821
0.19063
0.190498
0.192469
0.192365
0.192939
0.194232
0.194038
0.195081
0.194931
0.19577
0.195656
0.196327
0.196242
0.196509
0.197159
0.197264
0.197783
0.197882
0.198136
5
5
5
5
5
5
5
5
5
4.97305
4.49523
4.1507
3.75497
3.399
3.0787
2.79048
2.5311
2.29762
2.08753
1.9362
1.75917
1.6047
1.46571
1.33877
1.2245
-0.705491
-1.12749
-0.952869
-0.722183
-0.583874
-0.431961
-0.310948
-0.189721
-0.0646763
0
1.90067
1.75338
1.59614
1.47376
1.3457
1.24324
-0.067022
-1.01435
-0.727127
-0.534081
-0.397068
-0.265004
-0.171176
-0.104693
0
1.71299
1.55967
1.42451
1.3015
1.19075
1.09132
1.00183
0.921784
0.863699
0.798815
0.740998
0.689829
0.641268
0.597037
0.559682
0.525528
0.495119
0.464604
-4.03781
-3.3822
-0.785168
-0.714381
-0.753527
-0.585335
-5
-5
-5
-4.5981
-3.67497
-3.05398
-2.35431
-1.78933
-1.33744
-1.09292
-0.873107
-0.682448
-0.514699
-0.37427
0
5
2.61852
2.36419
2.18257
2.01238
1.815
1.62925
1.47731
1.34831
1.23312
1.15021
1.10494
1.03678
0.997479
0.923917
0.828123
0.757369
0.701068
0.654561
0.60987
0.570618
0.548762
0.509663
0.476745
0.44841
0.4251
0.402021
0.381419
0.36313
0.346111
0.334041
-4.95516
-3.76048
-3.15365
-3.10542
-2.2125
-1.44165
-1.12935
-0.927383
-0.656323
-1.32614
-1.07232
-0.835032
-0.641618
-0.440458
-0.326529
-0.235324
-0.154951
-0.0869074
0
0
0
3.49594
3.1724
2.90306
2.67649
2.42888
2.18448
1.96873
-1.24735
-3.41796
-2.57093
-1.89178
-1.32788
-0.894877
-0.567093
-0.371344
-0.173735
0
3.71513
3.3818
2.99433
2.65352
2.43504
2.2124
2.01691
1.87052
1.75672
1.63294
1.47876
1.32874
1.21064
1.80712
1.69951
1.56888
1.43269
1.29283
1.17788
1.08037
0.991974
0.912878
0.841386
0.776967
0.71874
0.666456
0.632079
0.600121
0.563357
0.524593
0.494384
0.461906
0.434889
0.424872
0.4279
0.429202
0.418931
0.387277
0.363298
0.348426
0.345755
0.341902
0.331852
0.31113
0.29902
0.29171
0.284968
0.276582
0.270143
0.261353
0.254636
0.2487
0.244905
-4.92391
-4.0162
-3.18019
-2.61311
-2.04194
-2.28615
-2.10665
-2.81238
-1.8645
-1.33112
-0.948784
-1.99721
-1.49089
-1.16293
-0.955316
-0.731156
-0.492367
-0.389148
-0.299865
-0.211277
-0.135012
0
4.28118
-2.46206
-1.80103
-1.29869
-0.973062
-0.906873
-0.791565
-0.645555
-0.49811
-0.369727
-0.283329
-0.187028
-0.0990142
0
5
4.86501
4.41941
3.97567
3.58178
3.28766
3.00988
2.76323
2.48505
3.86616
3.49872
3.17955
2.88532
2.61857
2.38119
2.15771
1.99953
1.81607
1.65406
1.50849
1.37732
1.25926
1.1529
1.05722
0.971217
0.909465
0.822934
0.772943
0.715171
0.663301
0.616829
0.574924
0.537176
0.502998
0.472317
0.450245
-5
-5
-5
-5
-4.77792
-3.81767
-3.03998
-2.40539
-2.00906
-1.56503
-1.22184
-0.944339
-0.715728
-0.535772
-0.417158
-1.1213
-0.827564
-0.64088
-0.489779
-0.35963
-0.251768
-0.150433
-0.0703249
0
0
0
0
0
0
0
-2.0904
-2.63471
-2.81913
-2.24727
-1.70236
-1.54844
-1.2905
-1.03166
-0.806645
-0.618019
-0.460001
-0.356961
-0.251402
-0.155317
0
5
5
5
5
5
5
4.96329
-1.68356
-1.22039
-0.935422
-0.692925
-0.637039
-0.484285
-0.397672
-0.301766
-0.209927
-0.13279
0
5
4.9597
4.49862
4.04819
3.65179
3.30165
2.99082
2.7291
2.54497
2.31715
2.10105
1.90098
1.72926
1.58774
1.4609
1.33626
0.983557
0.900711
0.830316
0.772367
0.724727
0.683489
0.626235
0.589911
0.550369
0.517813
0.488647
0.459298
0.434301
0.409787
0.39025
0.372952
0.355148
0.342974
0.327949
0.316031
0.305686
0.295043
0.284875
0.278517
0.270036
0.263179
0.256993
0.250885
0.246009
0.240833
0.236405
0.232649
0.229783
0.225827
0.223605
0.220833
0.218451
0.216276
0.214259
0.212614
0.210934
0.20954
0.208313
0.207097
0.206516
0.205432
0.204462
0.203794
0.203071
0.202469
0.339682
0.322538
0.313196
0.301606
-0.114443
-0.0402507
0
-0.172328
-0.00256597
-0.0671593
-0.388315
-0.254832
-0.172999
-0.0904826
-0.0754933
-1.05071
-0.764695
-0.572736
-0.463827
-0.0353295
-1.03796
-1.40303
-1.0223
-0.74595
-0.615239
-0.471774
-0.335677
-0.230945
-0.146285
-0.0774913
0
1.98134
1.80398
1.64952
1.51198
1.38464
1.28505
1.17644
-0.827426
-1.68519
-0.408681
-0.238377
-0.12014
-0.0720112
-0.0305635
0
1.69698
1.5515
1.42696
1.30178
1.19408
1.10552
1.0099
0.943587
0.868771
0.802716
0.742956
0.689167
0.639224
0.594852
0.555034
0.519213
0.486893
0.457835
0.431948
0.413636
0.392118
0.372417
0.356236
0.340005
0.327097
0.315184
0.303123
0.297283
0.286503
0.278192
0.271369
0.263968
0.257867
0.25354
0.247697
0.24332
0.238713
0.235128
0.233401
0.237006
0.233147
0.229568
0.226656
0.224826
0.221633
0.219116
0.216921
0.215904
0.214548
0.213133
0.209968
0.208548
0.207954
0.208127
0.206665
0.205961
0.205194
-0.00616744
0
0.242526
0.238864
0.235254
0.233547
0.230862
