0.202771
0.213001
0.223131
0.232804
0.24183
0.251442
0.261536
0.269448
0.277144
0.287042
0.293938
0.302141
0.307763
0.316928
0.323911
0.328903
0.336935
0.341175
0.349352
0.352643
0.361097
0.363526
0.37133
0.372693
0.378648
0.381627
0.388539
0.389276
0.393053
0.395974
0.398975
0.40505
0.40403
0.409569
0.408118
0.413211
0.411608
0.416128
0.417757
0.415266
0.41891
0.416343
0.419459
0.416183
0.418793
0.414873
0.416899
0.413543
0.414816
0.410705
0.411563
0.410505
0.406367
0.403524
0.401827
0.401307
0.396912
0.395805
0.39373
0.389039
0.3873
0.382626
0.380459
0.376212
0.373323
0
5
5
5
5
5
5
5
5
4.9054
4.47786
4.08966
3.85668
3.59527
3.28192
2.67448
2.45271
2.30929
2.11883
1.94404
1.96199
1.80262
1.68955
1.4937
1.37713
1.27134
0.988288
0.918809
0.870948
0.770687
-0.46774
-0.472504
-0.728653
-0.728019
-0.492157
-0.428214
-0.369029
-0.316695
-0.262395
-0.395574
-0.351319
-0.426662
-0.316936
-0.267997
-0.22454
-0.187193
-0.149632
-0.115638
-0.0700451
-0.0255723
0
1.96372
1.83702
0.787426
0.749082
0.718336
1.22161
1.10304
1.03752
1.32736
1.23176
1.13862
1.09586
1.03323
0.958243
0.562832
0.532981
0.324554
0.317263
0.309003
0.341358
0.332815
0.326543
0.469727
0.445613
-1.78374
-1.60146
-0.545642
-0.468404
-0.51436
-0.449891
-3.96001
-3.47412
-3.33822
-3.15332
-2.84089
-2.53697
-2.24693
-1.93906
-1.76052
-1.62609
-1.48144
-1.3338
-1.19117
-1.06106
-0.923103
-0.812012
-0.702697
-0.562904
-0.525907
-0.477863
-0.421954
-0.363488
-0.308753
-0.258708
0
4.11326
3.78257
3.05132
2.77872
2.57534
3.24435
3.00887
2.74766
3.15284
2.89532
2.08791
1.95569
1.79881
1.88559
1.73033
1.78251
1.61053
1.51195
-3.76103
-3.36698
-2.96508
-2.66708
-2.31965
-2.08818
-1.87856
-1.99109
-1.65315
-1.34328
-1.15975
-1.29412
-1.25441
-0.916352
-0.83077
-1.1214
-0.816113
-0.533495
-0.450139
-0.592784
-1.12651
-1.28932
-1.10678
-0.975515
-0.87272
-0.728764
-0.698156
-0.645798
-0.581044
-0.51313
-0.446387
-0.386481
-0.331249
-0.261033
-0.16871
0
0
0
0
0
0
2.28844
2.0546
2.91404
2.6631
3.07866
2.85146
2.59117
3.45461
3.17697
0.646272
0.662337
0.662352
3.08733
2.79831
3.68933
3.36937
1.55176
1.45665
1.37586
1.44216
1.33166
2.59003
2.39692
2.1985
1.87741
1.72787
1.60363
1.47779
1.36225
0.240889
0.253797
0.258167
1.08261
1.00085
0.255235
-0.305329
-0.257939
-0.192372
-0.148342
-0.121978
-0.0906525
-0.0528995
-0.020459
0
0.604339
1.20344
1.11416
1.0544
-3.3448
-3.02048
-2.46282
-2.21864
-1.99789
-1.79468
-1.59481
-1.38113
-1.21539
-1.11242
-0.97402
-1.09715
-1.26411
-1.75567
-1.33295
-0.766166
-1.00567
-1.55519
-1.07391
-0.45407
-0.421421
-0.382148
-0.305345
-0.273497
-0.239067
-0.196927
-1.11793
-1.21496
-1.44884
-1.22937
-1.03889
-0.925928
-0.888801
-0.822345
-0.763231
-0.678938
-0.596067
-0.500948
-0.407566
-0.309609
-0.243415
-0.219078
-0.209033
-0.186555
-0.147407
0
4.66207
4.25052
4.83007
4.40193
4.0154
4.50855
4.12131
3.21747
2.943
2.66145
2.43946
2.28376
2.64019
2.41767
2.22881
2.04451
1.87743
1.67616
1.51023
1.46486
1.35203
1.11522
1.03396
0.907836
0.844704
0.787398
0.761347
0.711586
0.599839
0.580737
0.54665
0.626333
0.589116
0.531489
-4.22694
-3.78857
-3.46293
-3.12844
-2.81591
-2.60181
-2.19863
-1.98004
-1.77932
-1.59679
-1.43002
-1.27916
-1.51657
-1.19675
-0.817328
-0.545205
-0.532025
-0.815989
-0.614044
-0.425265
-0.533156
-0.764768
-0.422175
-0.384353
-0.520161
-1.3851
-1.70947
-1.70492
-1.92958
-1.67406
-1.51537
-1.4151
-1.29586
-1.16749
-1.04366
-0.92983
-0.847072
-0.745319
-0.627888
-0.496013
-0.36302
-0.315405
-0.268028
-0.225401
-0.185839
-0.167338
-0.172843
-0.164559
-0.146145
0
5
5
4.77238
4.24664
3.89165
3.64778
2.58924
2.38453
3.9074
3.5499
3.33025
1.39004
1.27912
2.69032
2.47515
2.26322
1.86061
1.72867
1.09229
1.02651
2.20982
2.02167
1.31931
1.24906
1.17745
0.708158
0.656744
1.54235
1.44717
1.33571
0.612657
0.581487
0.956464
0.885953
0.838249
0.569566
0.535391
0.481355
0.458961
0.435585
0.574145
0.546591
0.50645
0.47928
0.598603
0.564005
0.540776
0.437285
0.412391
0.399861
0.49806
0.472972
0.297607
0.291057
0.31578
0.307164
0.300964
0.346726
0.335301
