0.406279
0.4091
0.411202
0.411601
0.413632
0.412872
0.414716
0.416754
0.414302
0.416749
0.413208
0.415479
0.412009
0.413652
0.413827
0.409845
0.411082
0.405696
0.407915
0.402268
0.401825
0.403273
0.40001
0.398475
0.391734
0.393121
0.386483
0.388071
0.380757
0.376747
0.37453
0.372853
0.373576
0.366488
0.366937
0.359997
0.360257
0.358003
0.353478
0.351111
0.344648
0.344141
0.337624
0.336926
0.33099
0.32838
0.327476
0.321488
0.320529
0.314749
0.31351
0.310994
0.306474
0.301246
0.298716
0.294727
0.292168
0.290581
0.285824
0.284137
0.281697
0.27725
0.275431
0.271226
0.269333
0
0.00969279
0.0263813
0.0401968
0.0592935
0.0704969
0.086726
0.0946305
0.110335
0.114495
0.131722
0.137106
0.144219
0.144524
0.153234
0.156751
0.158066
0.16496
0.165594
0.171273
0.171765
0.176431
0.17681
0.178608
0.182269
0.182696
0.18569
0.185391
0.186523
0.189286
0.190505
0.190234
0.190982
0.19227
0.192855
0.194382
0.193944
0.195231
0.194831
0.195913
0.195553
0.195874
0.196319
0.197059
0.197262
0.197157
0.197706
0.197439
0.197899
5
5
5
5
5
5
5
5
5
4.93689
4.46269
4.0355
3.65131
3.3057
2.99474
2.77091
2.51346
2.28173
2.07324
1.88551
1.75036
1.59693
1.43074
1.3318
1.21811
-0.341749
-0.58327
-0.534626
-0.457815
-0.407198
-0.345791
-0.292328
-0.235094
-0.194914
-0.0929985
-0.140808
-0.0809183
-0.0577364
-0.0449724
-0.0166645
0
1.9262
1.76343
1.63419
1.52808
1.38669
1.27564
1.17243
-0.101858
-0.0553293
-0.0356112
-0.0145931
0
1.21029
1.10915
1.01782
0.952061
0.87736
0.79569
0.749343
0.697604
0.650203
0.605806
0.564823
0.537663
0.505681
0.47215
0.448939
-1.9602
-1.79093
-0.69358
-0.702217
-0.690628
-0.566465
-3.99233
-3.85061
-3.35274
-3.4206
-3.04189
-2.6876
-3.22467
-2.85163
-2.5272
-2.27504
-2.04098
-1.82199
-1.661
-1.47215
-1.28758
-1.10721
-0.970693
-0.865329
-0.737385
-0.662913
-0.589131
-0.515889
-0.446526
-0.396133
-0.336399
-0.283364
-0.235477
-0.191438
-0.139869
-0.0899062
-0.0665286
-0.0510421
0
5
5
5
5
4.29044
3.88016
3.51324
3.18784
2.88745
2.61935
2.43341
2.20666
2.00369
1.82283
1.66144
1.54461
-3.48275
-3.06114
-2.72712
-2.36449
-2.10841
-1.87794
-2.06021
-1.76851
-1.4233
-1.13374
-1.14802
-1.24604
-1.08269
-0.839215
-0.853052
-1.01456
-0.701415
-0.6359
-0.555203
-0.999922
-1.29563
-1.24288
-1.09762
-0.966661
-0.89221
-0.737891
-0.669839
-0.6079
-0.53894
-0.469395
-0.418256
-0.357867
-0.302801
-0.21016
-0.13454
-0.0299335
0
0
0
0
0
5
5
5
5
4.63236
4.20935
3.86532
3.5189
3.20751
2.9395
2.74968
2.5126
2.26183
2.04105
1.8719
1.73007
1.60078
1.47622
1.338
1.2185
1.13778
1.04348
0.959051
0.881363
0.81274
0.75461
0.707877
0.667133
0.629173
0.575875
0.544248
-0.423643
-0.536304
-0.341173
-0.256781
-0.224646
-0.187004
-0.144657
-0.107151
-0.0607805
-0.0326815
-0.0165787
0
1.04183
-3.23773
-2.89273
-2.45454
-2.18081
-1.94313
-1.72407
-1.5595
-1.34968
-1.17696
-1.09272
-0.953406
-1.05991
-1.21391
-1.74171
-1.34229
-0.755562
-0.811634
-1.46645
-1.08755
-0.543183
-0.374437
-0.320985
-0.249932
-0.225254
-0.192029
-0.139852
-0.714838
-1.24234
-1.47485
-1.2404
-1.08442
-0.974405
-0.917745
-0.833435
-0.740983
-0.649354
-0.563497
-0.476962
-0.385148
-0.293115
-0.23305
-0.197798
-0.184574
-0.172502
-0.0879807
-0.0706019
-0.060904
-0.0466774
-0.0292144
-0.0103638
0
5
5
5
5
4.68656
4.32522
3.8245
2.84136
2.5849
2.2935
2.12324
1.93043
1.75734
1.60129
1.46085
1.33452
1.22058
1.11812
1.02592
0.959546
0.882098
0.813905
0.751136
0.695436
0.645461
0.600595
0.560405
0.524114
0.497993
0.467199
0.440082
0.415178
0.393301
0.37359
0.355852
0.339882
-3.45994
-3.16749
-2.75711
-2.57397
-2.2692
-2.02358
-1.68382
-1.5324
-1.35677
-1.19403
-1.55461
-1.11812
-0.772483
-0.684362
-0.87734
-0.730372
-0.505056
-0.622536
-0.860635
-0.578642
-0.507823
-0.619787
-1.34073
-1.61574
-1.60196
-1.96825
-1.69091
-1.5396
-1.45458
-1.3085
-1.16077
-1.02329
-0.899192
-0.790015
-0.668706
-0.533602
-0.420109
-0.325317
-0.276525
-0.221672
-0.189823
-0.153004
-0.170445
-0.167581
-0.146504
-0.124743
-0.102746
-0.0774412
-0.0554683
-0.028475
-0.00601101
0
5
5
5
5
4.7912
4.31347
3.97135
3.5974
3.23917
3.01783
2.66949
2.45493
2.22143
2.01926
1.85134
1.71411
1.61384
1.4788
1.33702
1.21861
1.11773
1.17252
1.08169
0.991535
0.913153
0.839067
0.787347
0.721749
0.683026
0.63486
0.584823
0.551829
0.516248
0.487028
0.461713
0.435874
0.413436
0.390516
0.375041
0.354799
0.345683
0.328307
0.317779
0.305017
0.295058
0.286796
0.278115
0.269691
0.263483
0.25633
0.251447
0.246474
0.240896
0.237219
0.233516
0.229614
0.22635
0.223577
0.221387
0.218859
0.216724
0.214571
0.212797
0.211189
0.209683
0.208548
0.207256
0.206135
0.205256
0.204449
0.203606
1.02269
0.939838
0.880383
0.812152
0.750563
0.684098
0.646004
0.600923
0.561261
0.532529
0.498311
0.473898
0.445397
-0.0715895
-0.0444231
-0.0623941
-0.353593
-0.297426
-0.249855
-0.203115
-0.0176449
-0.225598
-0.24406
-0.187736
-0.155416
-0.231683
-0.770205
-1.11369
-0.558842
-0.454152
-0.357879
-0.325418
-0.273353
-0.22538
