0.221188
0.231669
0.241102
0.250411
0.258865
0.267601
0.276323
0.284432
0.292255
0.300377
0.307829
0.31534
0.32186
0.328748
0.334982
0.341254
0.346905
0.352873
0.357764
0.364139
0.368575
0.373286
0.378076
0.381117
0.386174
0.388626
0.392397
0.395577
0.398032
0.399859
0.402922
0.405804
0.406788
0.409114
0.409217
0.411404
0.411073
0.41241
0.413673
0.413062
0.413928
0.412881
0.412905
0.411788
0.411709
0.409732
0.409005
0.406806
0.406111
0.403511
0.402368
0.400786
0.397816
0.395999
0.39293
0.39068
0.38722
0.384772
0.382402
0.378702
0.375811
0.371934
0.368791
0
0
5
5
5
5
5
5
5
5
3.83195
5
3.37602
3.26684
5
2.37503
2.36099
4.28323
1.53198
1.64838
3.68171
1.16201
2.72699
0.997247
0.977852
1.87811
0.628461
0.721283
0.962769
-1.40543
-0.837241
-1.14419
-1.6928
-1.25249
-0.327336
-0.379893
-0.311774
-0.280483
-0.444682
-0.772119
-0.460341
-0.270565
0.0386573
-0.00991349
-0.0157722
0
3.92475
1.24624
-0.30327
0.0277569
-0.00602766
-0.00790568
0
1.84107
0.600958
0.740371
2.99805
0.923115
2.02754
0.654316
1.96436
0.651449
1.28585
0.449668
0.519587
0.416574
0.182533
0.417095
0.184313
0.213127
0.428943
0.188728
0.137302
-3.58919
-1.1155
-0.944404
-0.767776
-0.711094
-0.811374
-5
-5
-2.1644
-2.2217
-2.02662
-1.78662
-1.60082
-5
-1.93908
-1.87291
-1.84803
-1.73877
-1.47915
-1.43571
-1.25412
-1.12109
-0.956753
-0.908262
-0.805279
-0.653694
-0.658449
-0.592226
-0.526011
-0.459692
-0.398909
-0.36842
-0.313082
-0.247969
-0.231142
-0.202904
0
5
5
3.87163
3.6279
5
2.94108
2.87402
5
3.14489
5
1.77912
2.0706
3.65318
1.25177
4.10589
1.29361
2.59042
0.793428
-5
-5
-5
-1.96283
-1.87703
-1.84443
-1.658
-4.0029
-2.68638
-0.818175
-0.951649
-0.818576
-2.07666
-1.26514
-0.42735
-0.42033
-1.46643
-0.359029
-0.44615
-0.359699
-0.338822
-0.281084
-2.00971
-0.502638
-0.622992
-0.523098
-0.572248
-0.3351
-0.398901
-0.394905
-0.329153
-0.305881
-0.246217
-0.208322
-0.176658
-0.113247
-0.0156158
0
5
0.381116
0.22301
0.233918
2.34065
0.765942
0.819078
5
1.92991
5
2.20815
5
1.98769
2.30087
1.35572
0.60005
0.611377
5
2.35466
3.48445
1.14525
1.21108
0.482661
0.531413
4.59564
1.47197
1.64547
3.37223
1.10026
1.27524
2.55627
0.890007
-0.101189
3.75457e-05
0.0208878
0
2.24443
-0.0563194
-1.05484
-0.803098
-0.160542
-0.174519
-0.172247
-0.133259
-0.0882915
-0.0561539
-0.0300789
-0.0281373
8.34204e-05
0
-5
-2.25928
-2.24356
-2.00409
-1.83206
-1.66636
-1.50821
-2.41414
-0.729339
-0.730534
-1.45832
-1.05516
-0.753897
-1.22082
-1.40363
-2.23569
-1.56826
-0.397704
-0.53368
-0.417654
-1.75318
-0.519882
-0.57023
-0.552753
-0.429084
-0.44716
-0.389584
-0.334654
-0.291786
-0.190359
-0.0785478
0.0260255
0
2.43619
0.944233
0.870211
5
3.4459
5
3.26326
3.25686
-0.739027
-0.0333271
-0.19359
0
3.4797
1.12452
1.19253
5
2.81028
4.5908
1.65796
1.79272
4.05063
1.27426
1.31094
3.22479
1.07666
2.38941
0.860939
0.840645
1.881
0.681641
0.732371
1.05794
0.421788
0.427744
0.972846
0.330639
0.390465
0.756731
0.277959
0.75452
0.283147
0.317508
-5
-5
-5
-2.42764
-2.54328
-4.98431
-1.54489
-1.7815
-1.54595
-1.41842
-1.26462
-1.15639
-1.04066
-2.53138
-1.43939
-0.698335
-0.18328
-0.198112
-0.970424
-0.229366
-0.293115
-0.228686
-0.977756
-0.292489
-0.342874
-0.288178
-1.53567
-2.85046
-2.85049
-2.9828
-0.725895
-0.869758
-1.00057
-0.888972
-0.768433
-0.712182
-0.617631
-0.557627
-0.483677
-0.433128
-0.365217
-0.257419
-0.141767
-0.114654
-0.118426
-0.092501
0
4.44933
1.45141
5
2.34829
5
2.92845
5
3.35265
3.21701
3.52775
1.20487
5
1.95754
2.10646
2.95769
0.969667
5
1.86327
1.97554
1.68545
0.60251
0.678181
3.28316
1.02437
1.83372
0.651173
1.18133
0.415723
0.468326
2.07013
0.695296
0.802585
0.923038
0.332032
0.385596
1.47315
0.480415
0.653474
0.265381
0.783416
0.312722
0.341585
0.522716
0.208761
0.724661
0.268532
0.312734
0.390904
0.174422
0.196318
0.63717
0.240015
0.581119
0.213959
0.255372
0.520516
0.195683
0.551458
0.211666
0.517317
0.207211
0.235339
0.505258
0.214265
0.247132
0.422173
0.172889
0.377028
0.149433
0.178617
0.373936
0.153164
0.290855
0.132758
0.148666
0.333687
0.137676
0.190594
0.0941217
