3.07137
2.37462
5
3.69063
3.49029
5
2.49828
2.53157
4.64915
1.75833
3.65539
1.38799
1.46889
2.89789
1.01863
2.2352
0.72857
1.06956
0.374898
0.425697
0.84413
0.30113
1.02441
0.356183
1.00298
0.376323
0.383182
0.685751
0.254885
0.377374
0.161288
0.187445
0.436359
0.186436
0.202993
0.682009
0.222322
0.592012
0.217071
0.48605
0.187924
0.448148
0.181892
0.213069
0.365552
0.162036
0.361106
0.160972
0.206126
0.108353
0.129294
0.043064
0.0528147
0.139092
0.0842684
0.347085
0.155925
0.411045
0.182327
0.205561
0
0
0
0
0
0.00449878
0.451676
0.18133
0.21336
0.0845635
0.0739858
0
0
0
0
0
0
0
0.613476
0.230786
0.777338
0.302049
0.310387
0
0
0.213796
0.0984546
0
0
0.0818602
0.0468659
0.0626613
0.787994
0.293347
0.333295
0
0
0
0
0
0.145712
0.0767785
0.0933453
0.933659
0.358979
0.754767
0.269233
0.320285
0.716419
0.294026
0.323373
0.700375
0.257151
0.575714
0.23727
0.266208
0.417327
0.169691
0.197252
0.154019
0.0913708
0.121086
0.0945865
0.0650661
0.081721
0.454093
0.18289
0.0415856
0.050938
0.0587666
0.174196
0.0961135
0.125951
0.282299
0.124585
0.532405
0.213016
0.229391
0.290373
0.131914
0.153901
0.105375
0.0753726
0.423736
0.170254
0.20017
0.242501
0.121601
0.142803
0.0715241
0.0567091
0.0735176
0.506082
0.190717
0.223787
0.58439
0.242013
0.288698
0
0
0
0
0
0.232939
0.107739
0.128751
0.729452
0.25641
0
0
0
0
0
0
0.239801
0.0927977
0.759148
0.270279
0.783496
0.304022
0.349775
0
0
0
0
0
0
0.548988
0.227845
0.255653
0.839577
0.32873
0.346604
0.165003
0.0797193
0
0
0.304782
0.135662
0.159996
0.778418
0.296752
0.327772
0.40245
0.159857
0.503925
0.206735
0.235673
0.482974
0.210354
0.224578
0.572646
0.209517
0.483542
0.192397
0.224537
0.215084
0.108616
0
0
0
0.411129
0.170421
0.199769
0
0
0
0
0
0
0.0407658
0.0494107
0.0624906
0
0
0
0
0
0
0
0.349392
0.125422
0.160715
1.1739
0.426093
0
0
0
0
0
0
0
0
0
0
0
0
1.25041
0.421321
0.501032
0
0
0
0
0.0908864
0.0102915
0.035915
1.43721
0.47729
1.41865
0.471722
0.541812
0
0
0
0
0
0.674139
0.221524
1.00873
0.353575
0.419725
0.970647
0.391357
0.431004
0.80994
0.274901
0.66041
0.235441
0.598198
0.249745
0.26249
0.577253
0.216618
0
0
0
0
0
0.090916
0.0579111
0.515488
0.217499
0.242975
0.203686
0.108215
0.144378
0
0
0
0.0560354
0.04873
0.64773
0.229416
0.729635
0.289937
0.328272
0
0
0
0.138711
0.0724037
0.095207
0.56623
0.219912
0.25467
0.452812
0.200356
0.23074
0
0.0353888
0.0463305
0.594677
0.227535
0.556794
0.2246
0.263734
0.508841
0.200723
0.219765
0.481229
0.184503
0.216244
0.488332
0.191268
0.388303
0.158164
0.173385
0
0
0
0
0
0.0293426
0.0216454
0.0757009
0
0
0
0
0
0.067946
0.0373923
0.0453639
0.0638383
0.129586
0
0
0
0
0
0
0.776824
0.299995
0.323897
0
0.0614263
0.140748
0
0
0.283931
0.0835136
0.207482
0
0
0
1.42253
0.478236
0.560943
0.643034
0.272968
0.287184
1.09431
0.377544
0.0193922
0.0655582
0.0557674
0.907237
0.311629
0.995562
0.346236
0.82284
0.307328
0.344111
0.754618
0.288935
0.538818
0.228392
0.256845
0.586864
0.225674
0.262413
0.551223
0.200611
0.470767
0.192093
0.219193
0.165827
0.093373
0.111156
0.392223
0.164797
0.304451
0.138858
0.163698
0.398503
0.157505
0.184576
0.23828
0.115647
0.137165
0.393014
0.15612
0.336977
0.150269
0.172817
0.344776
0.147743
0.297172
0.135774
0.157701
0.336121
0.147041
0.170563
0.327513
0.144633
0.256271
0.115334
0.14029
0
0
0
0.326034
0.143091
0.0692709
0.0639935
0.0714193
0.078249
0.0642225
0.0856071
0
0
0.265742
0.120272
0.144562
0
0
0.305999
0.135193
0
0
0
0.372736
0.146008
0.223232
0
0
0
0
0
0.0968337
0.0158623
0.957412
0.350568
0.399782
0
0
0
0
0
0
0
0
0
0
0
0.679545
0.272493
0.383904
0.356846
0.120792
0.152109
1.44142
0.520949
0.532682
0
0
0
0.677895
0.258435
0.29353
1.10224
0.4486
0.491062
0.216835
0.127749
0.151018
0
0
0.648955
0.249299
0.85514
0.353685
0.390772
1.02618
0.394542
0.40541
0
0
0
0
0.00533921
0.751454
0.294554
0.306554
0.81955
0.299498
0.354449
0
0.00325165
0.226998
0.115502
0.137026
0.521877
0.199271
0.234515
0.672051
0.276377
0.304302
0.166659
0.0932918
0.106779
0.162122
0.0958036
0.108178
0.578351
0.219502
0.259024
0.628825
0.236352
0.130458
0.0842357
0.0989545
0.19037
0.102654
0.431009
0.185642
0.207691
0.498362
0.191775
0.227326
0.184131
0.0957246
0.401016
0.16153
0.269237
0.130351
0.151641
0.494041
0.193548
0.432715
0.180067
0.206332
0.278893
0.125137
0.14925
0.267028
0.127026
0.3711
0.16842
0.179948
0.351864
0.163668
0.18623
0.315049
0.13103
0.232776
0.110737
0.339998
0.144084
0.17068
0.395227
0.160291
0.281276
0.131114
0.310638
0.141931
0.164778
0.31013
0.136048
0.16176
0.355951
0.151476
0.280205
0.123764
0.140126
0.295856
0.128392
0.227682
0.110522
0.317226
0.135052
0.158347
0.270749
0.123676
0.242784
0.115714
0.134693
0.195346
0.0998095
0.317174
0.13689
0.34125
0.153259
0.168381
0.0500235
0.0586468
0.0693338
0
0
0.204021
0.102208
0.122781
0.484113
0.184175
0
0
0.206753
0.101818
0.127964
0
0
0
0.412379
0.184982
0.119491
0.0816412
0.399662
0.181175
0.200543
0
0
0
0.0770574
0.0530042
0.0653367
0.352679
0.162085
0.632774
0.257595
0.290173
0
0
0
0
0.334099
0.135459
0.155447
0.745693
0.296797
0.33073
0.690698
0.259351
0.292218
0.447116
0.19604
0.206813
0.621126
0.222019
0.62424
0.200357
0.40927
0.178251
0.196461
0
0
0
0
0
0.258121
0.113764
0.550697
0.19635
0
0
0
0
0
0
0
0
0
0.743342
0.269881
0
0.014265
0.0720026
0.0764582
0.0450765
0.724084
0.279272
0
0
0
0.492632
0.197327
0.260487
0.321033
0.135567
0.700496
0.286739
0.320062
0.406717
0.165166
0.450249
0.176427
0.208731
0.421822
0.173004
0.203258
0.655554
0.220029
0.552767
0.203265
0.432729
0.175992
0.207625
0.454178
0.186471
0.21726
0.42622
0.173037
0.354435
0.155091
0.138047
0.0847897
0.272123
0.129602
0.156612
0.221566
0.109
0.347009
0.147892
0.300264
0.13934
0.155153
0.153932
0.0849146
0
0
0.248247
0.118151
0.418108
0.178172
0.191521
0.12124
0.0773633
0.0888353
0.269439
0.132582
0.156272
0.261604
0.116568
0.433751
0.176416
0.310162
0.141614
0.165368
0.289944
0.126467
0.140341
0.0786471
0.379298
0.15691
0.448358
0.176676
0.193246
0.263972
0.123455
0.320023
0.135435
0.178871
0.0944295
0.11415
0.420428
0.166025
0.262097
0.125382
0.144607
0.368953
0.171592
0.195521
0.121031
0.0763882
0.338906
0.146845
0.399808
0.164535
0.193904
0.333288
0.140289
0.167604
0
0.0382983
0.0466461
0.378736
0.16157
0.189936
0.305244
0.138976
0.364095
0.169074
0.191422
0
0.0100971
0.305561
0.128737
0.147277
0.284309
0.130554
0.146438
0.430079
0.189111
0.206552
0
0
0
0.435281
0.164284
0.399179
0.164294
0.446858
0.180363
0.209464
0.278303
0.124698
0.374244
0.156885
0.184906
0.331656
0.154261
0.175335
0.413228
0.165625
0.193069
0.120159
0.076683
0.0938328
0.364461
0.150846
0.198242
0.104153
0.123238
0.303266
0.142009
0.158955
0
0
0
0.280458
0.125529
0.150426
0.152577
0.0829464
0.443546
0.192139
0.366323
0.155904
0.182642
0.461292
0.175692
0
0
0.292091
0.145486
0.161146
0.393919
0.163682
0.192063
0.517689
0.209571
0.292279
0.136871
0.195434
0.10281
0.120367
0.468604
0.176189
0.400928
0.168635
0.19518
0.39571
0.152422
0.34836
0.139167
0.331819
0.149819
0.175484
0.3671
0.149525
0.328227
0.151336
0.173317
0
0
0
0.30132
0.141681
0.156711
0.311535
0.142346
0.163569
0.118845
0.0808918
0
0
0
0.356045
0.141244
0.209784
0.103765
0.424613
0.169915
0.200833
0
0
0.0979442
0.0682904
0.0834042
0.598302
0.226878
0.275197
0.280698
0.124742
0
0
0.0335864
0
0
0
0
0
0
0
0
0
0
0
0.389138
0.148029
0
0
0
0
0
0
0
0
0.742692
0.265228
0.309111
0
0
0
0
0
0
0
0
0
0
0
0
0
0
0
1.04882
0.332513
0.420365
1.89614
0.61396
0.539783
0.228738
0.25321
0.252058
0.142128
0.133064
1.24883
0.434792
0.499278
1.30717
0.466185
0.525892
0.284254
0.14797
0.177545
0.345487
0.134844
0.28951
0.126627
0.146756
0.968667
0.325674
0.875378
0.313409
0.365063
0.453148
0.179437
0.318769
0.155596
0.174644
0.649335
0.236423
0.278097
0.628848
0.246537
0.276475
0.38892
0.167299
0.182332
0.356668
0.149689
0.417485
0.171854
0.424119
0.175404
0.205604
0.300167
0.141336
0.162681
0.376766
0.151543
0.363491
0.157299
0.184326
0.356446
0.161389
0.177771
0.180474
0.0954242
0.111774
0.161647
0.0889924
0.308741
0.140669
0.158504
0.399835
0.166135
0.186443
0.0983272
0.114292
0.158748
0.0887056
0.107131
0.389061
0.161353
0.410509
0.172215
0.186861
0.16955
0.0932482
0.113096
0.152716
0.091302
0.335032
