0.873956
0.86431
0.856198
0.854485
0.8453
0.836101
0.827705
0.817587
0.808128
0.797438
0.788384
0.776912
0.768527
0.762328
0.747187
0.740279
0.725855
0.718308
0.705269
0.695674
0.682925
0.673035
0.660063
0.650369
0.642614
0.629702
0.619274
0.60706
0.59283
0.58415
0.573673
0.565417
0.553517
0.543167
0.531541
0.521175
0.509879
0.499406
0.48868
0.478763
0.468115
0.459481
0.448325
0.439844
0.432179
0.420512
5
5
5
5
5
5
4.56994
4.13247
3.7388
3.38687
3.133
2.7754
2.56899
2.33109
2.11743
1.9253
1.75242
1.59681
1.45675
1.35594
1.23996
1.13558
1.04361
0.960587
0.884068
0.815187
0.765392
-0.916817
-0.924349
-0.69497
-0.524119
-0.384573
-0.296321
-0.169625
-0.0753673
0
0.501424
0.482342
0.465601
0.426113
0.403888
0.392189
0.384246
0.36455
0.376118
0.374185
0.347562
0.335153
0.32487
0.32527
0.319951
0.314652
0.294977
0.28387
0.275562
0.267757
0.260486
0.254025
0.24941
0.244067
0.239407
0.236091
0.233821
0.237494
0.231325
0.227433
0.22543
0.224366
0.223113
0.226275
0.220863
0.217796
0.217265
0.215208
0.214374
0.213408
0.211836
0.212296
-5
-5
-5
-4.30392
-3.61739
-2.87435
-2.23173
-1.6904
-1.28467
-0.982862
-0.809934
-0.629355
-0.478162
-0.347556
0
5
4.53341
4.12648
3.7774
3.456
3.16013
2.85916
2.57035
2.32732
2.16208
1.98181
-0.344363
-0.165456
-0.0545566
-0.0294786
0
1.95258
1.77817
1.65442
1.50878
1.35748
1.26112
1.15211
1.05682
0.97166
-5
-5
-5
-4.55426
-3.6394
-2.9015
-3.09409
-2.09792
-1.42926
-1.11979
-0.867084
-0.650514
-1.23513
-0.934915
-0.723344
-0.514761
-0.400504
-0.252305
-0.192397
-0.122625
-0.0601937
0
0
0
0.834733
0.782732
0.681923
0.678028
0.607119
0.543728
0.492921
0.457603
0.435091
0.414808
0.417486
0.450109
0.511898
0.544897
0.572245
0.587141
0.592878
0.592697
0.58839
0.581075
0.517478
0.413795
0.355809
0.329945
0.334435
0.352011
0.380281
0.350121
0.310735
0.2871
0.272498
0.26359
0.256594
0.250488
0.257165
0.276755
0.278662
0.267927
0.261136
0.241645
0.230525
0.224904
0.221305
0.218552
0.216197
0.214318
0.212575
0.210923
0.209702
0.208119
5
4.66799
4.2208
3.89882
3.53147
3.2103
2.91605
2.63574
2.39057
2.16883
1.97119
1.81034
1.6751
1.57565
1.44665
1.31186
1.19697
1.10417
1.02397
0.969296
0.872296
0.816893
0.755524
0.703007
-5
-5
-5
-4.15314
-3.31371
-2.77721
-2.0011
-1.66391
-1.30511
-0.968107
-0.742327
-0.559934
-1.20015
-1.17809
-2.14319
-1.24611
-0.960172
-0.769306
-1.7626
-1.29882
-0.984051
-0.805113
-0.67898
-0.404897
-0.336871
-0.26071
-0.164622
-0.111337
0
0
0
0
0
0
0
0
0
0
0
0
0
0.00403523
0.0704477
0.106225
0.105845
0.0811148
0.0717852
0.132053
0.137198
0.121282
0.115695
0.116892
0.120202
0.126239
0.132305
0.138444
0.150213
0.153233
0.156039
0.159235
0.162493
0.165846
0.171903
0.181726
0.180698
0.179737
0.179748
0.180732
0.181695
0.183193
0.184368
0.185392
0.186415
0.187355
0.188218
0.189013
0.189792
0.190546
5
5
5
5
4.56228
4.12567
3.81131
3.44352
3.11163
2.8138
2.55256
2.31666
2.10452
1.91383
1.7422
1.61863
1.47669
1.34568
1.2307
1.12727
1.03417
-5
-5
-5
-4.6811
-3.74172
-2.97948
-2.36466
-1.86688
-1.45809
-1.13784
-0.93129
-0.709698
-0.517854
-0.368385
0
4.19424
-1.85876
-1.07586
-0.84132
-0.65375
-0.492003
-0.359291
-0.235134
-0.140859
-0.0954977
-0.0369465
0
0
0
0
-1.36968
-2.56771
-2.79452
-2.79718
-2.08413
-1.60699
-1.46849
-1.24739
-0.98549
-0.764953
-0.616431
-0.454228
-0.329042
-0.223094
-0.142295
0
1.79029
1.67794
1.61721
1.50982
1.39357
1.2654
1.18974
1.1023
0.98232
0.856538
0.758802
0.689677
0.639131
0.589913
0.548567
0.525649
0.506945
0.52159
0.47207
0.425156
0.395586
0.367028
0.34972
0.353488
0.383785
0.358653
0.322282
0.296487
0.285098
0.273458
0.264502
0.257189
0.250749
0.245152
0.246944
0.255017
0.253628
0.253881
0.238634
0.229886
0.223808
0.219836
0.216701
0.213935
0.21237
0.21068
0.209667
0.213792
0.218758
5
4.67143
4.22788
3.82164
3.45704
3.13003
2.83633
2.62596
2.38865
2.17134
1.97309
1.79708
1.63523
1.49085
1.36197
1.24843
1.16554
1.06643
0.978844
0.882479
0.827401
0.765914
0.711148
0.659394
0.613925
0.571553
0.534258
0.50211
0.478703
0.450008
0.425807
0.402334
0.381638
0.363667
0.347581
0.335371
0.321802
0.308985
0.297673
0.287834
0.278777
0.270494
0.263367
0.256558
0.251696
0.246202
0.241292
0.236785
0.232899
0.229174
1.08898
0.999807
0.919447
0.861612
0.794165
0.734326
0.680671
0.632347
0.588712
0.542624
0.514718
0.48295
0.455144
0.434627
0.410987
-0.546898
-0.383634
-0.295806
-0.701703
-0.494129
-0.389972
-0.280631
-0.177735
-0.0967924
-0.608758
-0.410992
-0.294375
-0.202169
-0.00420373
-0.584925
-0.982116
-0.694465
-0.500597
-0.385017
-0.27674
-0.202654
-0.10668
-0.0555234
0
1.86539
1.69854
1.5521
1.42319
1.30457
1.19466
1.09565
-0.148548
-1.14576
-1.50401
-0.465198
-0.289805
-0.193574
-0.117561
-0.0515109
0
1.26028
1.1727
1.08195
0.994942
0.919353
0.854578
0.784476
0.725644
0.673924
0.623342
0.582033
0.542732
0.514984
0.483168
0.45462
0.428245
0.40452
0.383708
0.365425
0.348973
0.336621
0.319856
0.309052
0.300007
0.290772
0.281811
0.273046
0.268336
0.260478
0.25426
0.249778
0.244625
0.240444
0.238955
0.234206
0.231198
0.227122
0.225427
0.224329
0.221291
0.218726
0.216896
0.21511
0.213918
0.212799
0.210895
0.209686
0.20839
0.207821
0.558317
0.521688
0.48924
0.460081
0.434626
0.411479
0.390432
0.37464
0.356774
0.341816
0.328637
0.316942
0.304229
0.294601
0.285347
-0.144723
-0.0844204
