2.49696
2.38308
2.2693
2.17009
2.07053
1.97812
1.8888
1.80457
1.74034
1.66267
5
5
5
5
5
5
5
5
5
5
5
5
5
5
5
5
5
5
5
5
5
5
5
-5
-5
-5
-5
-5
-5
-5
-5
-5
0
5
2.22133
0
0
0
5
5
1.27783
1.22775
1.17597
1.13607
1.09767
1.05685
1.02144
0.98656
0.953824
0.923939
5
5
5
5
5
5
5
-5
-5
-5
-5
-5
-5
-5
-5
-5
-5
-5
-5
0
5
5
5
5
-5
-5
-5
-5
-5
-5
-5
-5
-5
-5
-5
0
5
5
5
5
5
5
5
5
5
3.77596
3.61494
2.50557
3.36015
3.21048
3.08729
2.94119
2.80381
2.67488
2.55554
5
-5
-5
-5
-5
-5
-5
-5
-5
-5
-5
-5
-5
0
5
0
0
0
0
0
0
0
0
0
0
0
0
5
5
5
5
5
5
-5
-5
-5
-5
-5
-5
-5
0
5
5
2.20642
2.13843
2.03577
1.92604
1.83284
1.75307
1.67752
1.6109
1.55035
1.48048
5
5
5
5
5
5
5
5
5
5
5
5
-5
-5
-5
-5
0
5
4.31126
0
3.93815
5
4.3312
5
-5
-5
-5
-5
-5
-5
-5
-5
-5
-5
-5
-5
-5
0
5
5
0.52457
0
0.521233
0
0
0
0
0
0
0
0.618687
0.602801
0.576201
0.554179
0.548455
-5
-5
