5
0.928085
5
5
5
5
5
5
5
5
5
5
4.24885
3.99651
5
2.32669
5
1.95418
4.98678
1.72549
3.24759
1.06237
2.72546
0.861727
0.987191
2.35135
0.767727
1.8243
0.593101
1.22059
0.539849
0.589564
0.518418
0.181632
0.851799
0.33367
0
0
0
0.414667
0.167099
0.194865
-2.78871
-2.60434
-0.825008
-0.802016
-0.731619
-0.609612
-0.550899
-0.523578
-0.465814
-0.39469
-0.292943
-0.238988
-0.252547
-0.181927
-0.15306
-0.123828
-0.0678443
-0.0516386
0
4.17366
1.48607
1.45397
3.16267
1.02789
2.35682
0.795177
0.897791
1.10417
0.373148
1.03701
0.325963
0.410749
0.45632
0.183672
0.782099
0.258923
0.59613
0.235044
0.273936
0.526896
0.199379
0.0421816
-5
-3.80501
-3.5414
-3.36806
-2.96365
-2.66905
-2.37411
-2.10679
-1.92522
-1.79667
-1.65605
-1.55453
-1.29961
-1.15884
-1.08283
-0.925619
-0.837551
-0.797599
-0.7426
-0.639567
-0.540866
-0.519185
-0.433824
-0.36595
0
5
3.53348
5
1.91112
5
2.59219
2.63064
4.75229
1.58893
3.10608
1.02498
3.90489
1.24759
2.72829
0.851439
1.00729
2.15277
-5
-3.42533
-3.02316
-2.82778
-2.59941
-5
-1.71728
-1.92538
-1.69809
-1.53567
-1.38219
-1.24468
-1.12906
-0.995365
-0.912034
-0.87448
-0.719125
-0.662834
-0.52524
-0.402695
-0.299596
-0.327251
-0.187377
-0.26572
-0.252297
-0.19919
-0.162193
0
5
0
0
0
0
0
0
0
0
0
0
5
2.87472
2.89879
5
1.98927
1.9684
4.31504
1.49644
5
2.08766
2.22941
1.23809
0.522384
0.54357
3.48405
1.07582
1.26532
3.50815
1.26235
1.36062
2.61245
0.849691
0.985113
0.0180023
0.0302733
1.03024
0.388036
0.430893
0
0
0
0
0
1.05678
0.407945
0
0
0
1.63157
0.547694
0.645872
0.892927
0.324974
1.30454
0.50165
1.02417
-5
-5
-5
-4.38706
-4.48942
-1.27576
-4.52472
-1.24118
-1.47544
-1.33547
-1.1254
-0.987955
-0.929024
-0.860409
-0.780128
-0.659395
-0.644856
-0.564023
-0.434281
-0.30841
-0.185753
-0.066399
0
5
4.66762
5
2.05916
2.14115
2.43071
0.859481
1.86388
0.758002
0.849018
3.67425
1.32263
1.40446
5
1.56251
1.83882
2.64705
0.928847
0.935322
3.38739
1.13012
1.27184
2.14119
0.778392
0.822597
1.90687
0.603621
1.21419
0.397028
0.469104
1.00357
0.350725
0.686258
0.267607
0.313749
0.793037
0.299865
0.335542
0.647498
0.225428
0.416331
0.187174
0.198387
-5
-5
-5
-5
-1.78692
-2.07103
-1.79649
-4.36665
-1.32489
-1.48593
-1.32493
-1.18083
-1.07144
-0.988666
-0.88828
-0.759473
-0.716459
-0.642638
-0.50608
-0.368715
-5
-1.47468
-1.59832
-1.56408
-1.5132
-1.32658
-1.2125
-1.08236
-0.972449
-0.872854
-0.716537
-0.552968
-0.447189
-0.482613
-0.408673
-0.356656
-0.346514
-0.328134
-0.331519
-0.280846
-0.267537
-0.211651
-0.176306
0
5
5
5
3.60846
3.49829
5
2.52952
5
3.32159
3.32189
3.07243
1.08196
1.14843
5
2.15738
3.48008
0.998275
2.01261
0.685091
4.02201
1.42092
1.3759
1.10684
0.40367
1.43722
0.498101
0.556845
1.35927
0.494562
1.2127
0.450541
1.61563
0.614276
0.675991
0.752662
0.296642
0.323749
1.0195
0.367074
0.424661
0.659264
0.251562
0.291606
0.477677
0.199885
0.54741
0.219102
0.249046
0.7769
0.280429
0.416366
0.167172
0.439613
0.16776
0.461177
0.191541
0.478707
0.190342
0.217202
0.479726
0.186073
0.407305
0.168124
0.339749
0.151109
0.174592
0.351811
0.166917
0.189699
0.331019
0.142452
0.169075
0.319641
0.147265
0.163657
0.036416
0.048349
0.176842
0.0951744
0
0.0343844
0.0512937
0
0
0
0
0
0
0
0
0
0
0
0
0
0
0
0
0
1.30455
0.511603
0.558158
1.24554
0.408235
0.484817
0
0
0.185386
0.105729
0.13188
0
0
0
0
0
0
0
0.258255
0.127977
0.153673
0.575698
0.223793
0.271316
0.852585
0.306287
0.350783
0.791141
0.306168
0.351717
1.16404
0.441056
0.445337
0.909234
0.37113
0.404592
0.579199
0.201844
0.232451
0.11481
0.129818
0.359874
0.145879
0
0
0.0131031
0.282744
0.132464
0.152184
0.353503
0.155977
0.179012
0.383486
0.158427
0.188753
0.496137
0.196096
0.500149
0.190655
0.221867
0.109185
0.124239
0.467351
0.203138
0.228238
0.371282
0.16806
0.19145
0.222975
0.113078
0.131849
0.403707
0.162167
0.262657
0.116815
0
0.0189271
0.294302
0.143274
0.0211692
0.0497407
0.443457
0.174731
0.665537
0.242261
0.281588
0.39064
0.170632
0.196662
0.454078
0.191779
0.220054
0.188982
0.0998256
0.12037
0
0
0.0979942
0.0743083
0.0874727
0.469881
0.199273
0.225969
0
0.0120136
0.523399
0.200751
0.396131
0.171613
0.203256
0.470497
0.186892
0.2194
0.534606
0.215535
0.472048
0.193396
0.218865
0.0355527
0.0501866
0.145544
0.0782207
0.0964926
0
0.000943572
-5
-4.05912
-3.69191
-3.50895
-3.10826
-5
-2.0065
-2.20471
-1.98674
-1.81658
-1.61655
-1.50618
-1.32923
-1.16623
-1.10496
-1.01402
-0.877145
-0.81635
-0.700077
-0.609386
-0.57553
-0.4938
-0.413259
-0.367306
-0.348357
-0.293821
-0.193302
0
0
0
0
0.0475634
0
0
2.32709
0.788647
0.969547
0
0
0
0
0.0596498
1.3749
0.533475
0.613252
1.11154
0.460954
0.533774
1.15165
0.446033
3.72687
1.13486
1.22864
5
3.424
3.39213
5
2.34476
5
1.99264
2.16758
1.98616
0.795442
0.777299
3.30088
1.02717
3.06525
1.03373
1.83122
0.673825
0.680268
1.92531
0.596502
1.41
0.43559
1.03251
0.365149
0.416033
0.902563
0.316716
0.822258
0.281135
0.327836
0.433582
0.176322
0.571631
0.224227
0.366819
0.160225
0.185873
0.447909
0.170299
0.30371
0.134253
0.159931
0.314513
0.141334
0.157518
0.106655
0.0738446
0.265234
0.131705
0.150137
0.102739
0.0743723
0.190184
0.10009
0.478218
0.197595
0
