0.886877
0.880435
0.869552
0.862038
0.857491
0.847305
0.834583
0.827932
0.822441
0.808489
0.801531
0.790322
0.778986
0.768254
0.756585
0.74564
0.734546
0.723251
0.714752
0.702459
0.691307
0.683336
0.671496
0.659004
0.647297
0.635035
0.623203
0.611532
0.599665
0.591149
0.576645
0.567946
0.55638
0.545149
0.533783
0.522478
0.511506
0.50048
0.492124
0.481153
0.472217
0.460732
0.452273
0.440741
5
5
5
5
5
4.80848
4.34702
3.99636
3.54025
3.27323
2.96779
2.69142
2.44136
2.21697
2.0144
1.83245
1.66885
1.55107
1.41558
1.29364
1.18401
1.08521
0.996513
0.918337
0.847063
0.781763
0.734851
0.680765
0.636355
-0.843693
-0.637868
-0.510928
-0.344803
-0.262081
-0.153705
-0.18942
-0.0499943
-0.00777498
0
1.58617
1.46342
1.33421
1.2333
1.11091
0
0
0
0
0
0
0
0
0
0.0161495
0.0351791
0.0512505
0.0655689
0.0785818
0.0903549
0.100999
0.110618
0.118336
0.127573
0.144374
0.146321
0.149289
0.156512
0.162063
0.167603
0.176665
0.175909
0.17716
0.180373
0.1821
0.184125
0.187254
0.187411
0.189466
-5
-5
-5
-4.09634
-3.27023
-2.59956
-2.04178
-1.54804
-1.22119
-0.87374
-0.70483
-0.560418
-0.437483
0
5
4.64731
4.202
3.82027
3.5588
3.25678
2.98409
2.7254
2.46117
2.21861
2.01462
1.88565
1.71592
0
0
0
0
0
0
0
0.00111198
0.014843
0.0300646
0.0470757
0.0628376
0.0769529
-5
-5
-4.46175
-3.56556
-2.98814
-2.37155
-1.77231
-1.46753
-1.14078
-0.861139
-0.658181
-0.493698
-0.385931
0
0
0
0
0
0
0
0
0
0
0
-2.23881
-1.77139
-1.35967
-1.07307
-0.896745
-0.588835
-0.487731
-0.399423
-0.3054
-0.217659
-0.140697
0
4.40982
4.07646
3.71569
3.41101
3.16517
-1.6784
-1.28475
-0.785122
-0.555513
-0.283292
-0.159873
-0.0488917
-0.080762
-0.173128
-0.1915
-0.142887
-0.0942073
0
3.07742
2.8363
2.56004
2.30499
2.08563
1.89208
1.75327
1.5655
1.45605
1.34764
1.26173
1.16658
1.07439
0.967619
0.881489
0.812582
0.751658
0.707074
0.656818
0.611019
0.569419
0.532158
0.498412
0.468142
0.446383
0.428815
0.416315
0.395993
0.37267
0.355535
0.340293
0.322067
0.312857
0.317367
0.324872
0.313753
0.299958
0.28283
0.271282
0.263309
0.261181
0.267985
0.270216
0.268518
0.251808
0.244427
0.238448
0.234268
0.233616
0.231828
2.89413
2.67565
2.42704
2.20431
2.00351
1.82313
-4.69448
-3.65234
-3.03327
-2.48015
-1.85986
-2.05392
-2.19396
-2.87468
-1.60375
-1.33662
-1.07777
-1.96063
-1.46089
-1.16272
-0.934483
-0.748107
-0.494483
-0.390543
-0.303817
-0.218332
-0.140359
0
0
0
0
0
0
0
0
0
0
0
0
0
0
0.0645556
0.108017
0.104277
0.0772433
0.0675652
0.113676
0.125072
0.116081
0.110419
0.111412
0.116243
0.122447
0.127591
0.133837
0.146602
0.150017
0.153107
0.156575
0.160101
0.165106
0.179885
0.178008
0.17694
0.177226
0.178028
0.179314
0.180705
0.182426
0.183586
0.184731
0.185814
0.186818
0.187554
0.188433
0.189272
0.19012
5
5
5
5
4.55102
4.11554
3.71489
3.36303
3.04662
2.76184
2.50563
2.32065
2.06196
1.91279
1.73834
1.58428
1.44562
1.32056
1.23059
1.10469
1.03202
-5
-5
-5
-4.51049
-3.78719
-3.01708
-2.26752
-1.88574
-1.55894
-1.1349
-0.928746
-0.70747
-0.524602
-0.381254
0
-1.10878
-0.811479
-0.575393
-0.469203
-0.344009
-0.238942
-0.150977
-0.0575481
0
0
0
0
0
0
0
0
-2.56005
-2.7172
-2.0048
-1.55867
-1.15973
-1.10389
-0.944167
-0.748038
-0.573883
-0.427466
-0.306332
-0.207916
-0.143636
0
2.10553
1.93855
1.85973
1.74569
1.60805
1.48355
1.37094
1.23768
1.07441
0.945907
0.865605
0.789725
0.726482
0.679369
0.64848
0.649373
0.617472
0.549876
0.498824
0.462186
0.445966
0.462422
0.457891
0.411905
0.37376
0.350571
0.332553
0.317859
0.305331
0.296392
0.29383
0.296639
0.28928
0.288219
0.268902
0.256327
0.248006
0.241911
0.23703
0.232768
0.229049
0.229529
0.235243
0.234805
0.228094
0.226573
0.22014
0.215587
0.212901
5
4.78204
4.32341
3.91507
3.62529
3.27817
2.97054
2.68397
2.43441
2.2107
2.01197
1.8703
1.70311
1.55366
1.41673
1.29457
1.18667
1.09044
1.019
0.935471
0.859517
0.793878
0.735623
0.682206
0.633392
0.590861
0.558888
0.51486
0.489878
0.460147
0.433267
0.409926
0.383804
0.368883
0.351432
0.335924
0.32223
0.309548
0.298269
0.290185
0.278774
0.270701
0.264692
0.257855
0.251797
0.246261
0.241298
0.237054
0.233789
0.230093
0.274806
0.266934
0.260791
0.254205
0.250365
0.244561
0
0
0
0
0
0
-0.793249
-0.578077
-0.433228
-0.303575
-0.175824
-1.24081
-0.0272492
0
0.535312
0
-1.57212
-1.78091
-0.432217
-0.231528
-0.152554
-0.0990677
-0.0514142
0
1.52225
1.38961
1.2702
1.16307
1.07147
0.993072
0.921322
0.858669
0
-1.5505
-1.63535
-1.31388
-0.724168
-0.491039
-0.341646
-0.263457
-0.177293
-0.0772775
-0.0316532
0
1.26895
1.16461
1.08897
1.00267
0.918231
0.846264
0.78222
0.723474
0.682786
0.632677
0.589
0.549748
0.521616
0.48264
0.459711
0.43292
0.409585
0.388773
0.36942
0.355632
0.33785
0.323346
0.314342
0.303539
0.292419
0.28299
0.276522
0.269661
0.263119
0.256489
0.251227
0.249333
0.243056
0.238264
0.235008
0.231373
0.228502
0.226678
0.223647
0.221049
0.218172
0.216721
0.216223
0.2138
0.211929
0.210713
0.209708
0.208853
0.208687
0.774662
0.716822
0.664888
0.619
0.577448
0.547308
0.504438
0.479738
0.452342
0.427652
0.406581
0.384892
0.369965
0.35292
0.336901
0.326686
0.313922
0.301736
0.291149
0.281888
0.27351
0.265785
0.260188
0.253789
0.247966
0.243137
0.238879
0.235435
0
0
0
0
0
0
0
0
0.00745583
0.0318298
0.0464458
0.0628881
0.0754757
0.0875978
0.098794
0.109171
0.118777
0.126175
0.131723
0.138191
0.14407
0.150359
0.154029
0.159078
0.162047
0.166239
0.170521
0.174575
0.176142
-5
-5
-5
-5
-5
-4.39925
-3.51366
-2.79187
-2.21078
-1.74312
-1.43907
-1.01862
-0.783813
-0.634712
0
5
4.52071
4.09398
-2.96332
-2.34998
-2.6665
-1.6769
-1.33032
-1.04634
-0.80844
-0.591856
-0.405514
-0.300905
-0.216756
-0.134267
0
0
0
0
0
0
-2.23936
-1.66582
-1.2537
-1.0238
-0.768021
-0.672956
-0.593616
-0.46751
-0.347466
-0.244218
-0.158486
0
0
0
0
0.0230441
0.0414953
0.0580525
0.0730615
0.0866535
0.098969
0.110125
0.120233
0.129391
0.13769
0.143708
0.144813
0.101758
0.0785942
0.0732515
0.0726945
0.0771117
0.0838156
0.0916059
0.0981984
0.107065
0.114191
0.126188
0.140604
0.153353
0.155589
0.156398
0.169051
0.164141
0.165857
0.163765
0.166403
0.166837
0.169828
0.17141
0.174149
0.175669
0.178035
0.179351
0.181299
0.182425
0.185904
0.192075
0.197289
0.197165
0.197105
5
5
5
4.61345
4.17043
3.77226
3.41424
3.09224
2.80396
2.5963
2.3083
2.13898
1.94526
1.76989
1.61236
1.47077
1.34354
1.22881
1.14622
1.04981
0.964331
0.887485
0.816974
0.754986
0.69908
0.647643
0.602504
0.561884
0.533
0.49955
0.468448
0.4417
0.416457
0.394401
0.375062
0.357695
0.34145
0.327361
0.314056
0.304575
0.294057
0.285079
0.27606
0.268687
0.261168
0.254705
0.24875
0.245051
0.239988
0.236208
1.29659
1.18684
1.10925
1.01909
0.936351
0.861018
0.794361
0.739202
0.689025
0.639666
0.595244
0.554843
0.519609
0.488911
0.46019
0.438823
0.414113
0.392656
0.374004
0.356914
0.340851
0.326203
0
-1.09586
-0.699341
-0.167188
-0.0903268
-0.0423045
0
0
0
0
0.00185394
0.0165586
0.0311899
0.0617151
0.0783195
0.0904799
0.0998373
0.108709
0.120341
0.129972
-2.59894
-1.86682
-1.69276
-1.79453
-1.40561
-1.15385
-0.897858
-0.6725
-0.508254
-0.370639
-0.245194
-0.0533833
0
1.40908
1.28008
1.15735
1.06007
0.978091
0.906721
0.836409
0.7853
0.712755
0.671166
0.624322
0.581214
0.542728
0.508055
0.476711
0.448687
0.436853
0.434073
0.418619
0.3898
0.370025
0.352818
0.342856
0.343062
0.331377
0.318479
0.303076
0.292068
0.284045
0.283836
0.280396
0.271909
