0.406551
0.407973
0.410833
0.411577
0.413382
0.412332
0.414005
0.412697
0.414516
0.411987
0.413592
0.414514
0.412512
0.413002
0.409027
0.410587
0.406162
0.407917
0.402419
0.404433
0.398536
0.399905
0.394038
0.395693
0.394459
0.390605
0.389392
0.382477
0.383722
0.376826
0.372725
0.370694
0.371243
0.364253
0.362426
0.362569
0.355859
0.355997
0.349297
0.349161
0.34273
0.342083
0.335917
0.334992
0.328927
0.32797
0.322141
0.319675
0.31835
0.312961
0.311391
0.306214
0.304465
0.299594
0.297682
0.29304
0.291065
0.288616
0.284423
0.282367
0.278407
0.276278
0.272376
0.270228
0.266593
0
0.00338465
5
5
5
5
5
5
5
5
4.79429
4.42596
4.2928
3.88304
3.51462
2.89944
2.62974
2.38624
1.67864
1.53562
1.70466
1.55256
1.41745
1.41401
1.29221
1.18492
0.830728
-0.358588
-0.303234
-0.390754
-0.621615
-0.525529
-0.45054
-0.387376
-0.329307
-0.27739
-0.0107632
-0.465839
-0.397844
-0.324546
-0.25699
-0.197888
-0.172392
-0.138555
-0.0977798
-0.0693908
-0.0338597
0
1.9611
1.80818
1.09836
1.02961
0.958413
0.879126
0.80523
0.739986
1.43505
1.31125
1.22238
1.13479
1.04088
0.973337
0.78111
0.722505
0.671566
0.492176
0.46076
0.437615
0.250685
0.247466
0.244754
0.372488
0.354558
-1.77729
-1.61582
-0.510538
-0.546631
-0.55827
-0.424814
-3.87238
-3.66605
-3.19075
-3.29125
-2.99808
-2.6427
-2.31751
-2.02516
-1.79533
-1.61575
-1.44877
-1.28752
-1.13927
-0.995915
-0.879938
-0.750829
-0.658852
-0.546618
-0.495448
-0.440953
-0.382648
-0.32631
-0.274553
-0.227649
-0.185327
-0.131999
-0.0775418
-0.0426373
-0.032486
0
5
4.48601
4.05144
3.66333
3.75308
3.3986
3.14696
2.52625
2.34187
2.12323
2.29792
2.08509
1.88698
1.71919
1.62158
-3.48971
-3.16903
-2.81527
-2.51405
-2.22988
-1.98675
-1.76789
-1.90803
-1.61319
-1.2508
-1.15454
-1.21462
-1.14093
-0.874992
-0.876598
-1.03429
-0.718915
-0.633613
-0.554477
-0.984318
-1.3828
-1.31795
-1.11941
-0.977331
-0.903386
-0.748263
-0.68144
-0.618737
-0.548731
-0.478946
-0.413099
-0.353157
-0.298668
-0.24177
-0.151393
-0.048507
0
0
0
0
0
5
2.62081
2.3494
2.08861
1.94711
1.78715
4.35183
3.89153
3.6214
0.40771
0.434523
0.44967
2.93633
2.63271
2.3761
2.36171
2.16507
1.99923
1.20209
1.11454
1.0045
2.58239
2.34465
2.17265
1.91222
1.7752
1.61734
1.58963
1.45046
1.33737
0.403069
0.385308
0.367415
0.913984
0.858706
-0.138201
-0.00922012
0
0.91255
0.676831
0.631567
0.607693
0.146349
0.147368
0.146881
0.653275
0.6109
-3.54809
-2.9873
-2.6305
-2.40456
-2.088
-1.90479
-1.7389
-1.51052
-1.32273
-1.20485
-1.05327
-1.18227
-1.3048
-1.20354
-1.54177
-1.18817
-1.06162
-1.53957
-1.01663
-0.422178
-0.32177
-0.271438
-0.202556
-0.178798
-0.151993
-0.0977368
-1.11632
-1.26633
-1.53776
-1.29545
-1.098
-0.991714
-0.932063
-0.849898
-0.75542
-0.66326
-0.578318
-0.485881
-0.396853
-0.299743
-0.259087
-0.227751
-0.207263
-0.179836
-0.0972366
-0.0742862
-0.064265
-0.0500016
-0.036926
-0.0177326
0
5
5
5
4.71509
4.26198
4.00321
3.62484
3.28552
3.05036
2.81779
2.54942
2.77966
2.52577
2.29286
2.05533
1.86951
1.70211
1.65262
1.50698
1.27752
1.16512
1.11153
1.0198
0.95449
0.87871
0.810721
0.692533
0.64302
0.607174
0.66223
0.616744
-4.11125
-3.6676
-3.28123
-2.93346
-2.62048
-2.33833
-2.37981
-2.11828
-1.88842
-1.67574
-1.48869
-1.31845
-1.16737
-1.05525
-1.22142
-0.872696
-0.526423
-0.314632
-0.599821
-0.592631
-0.317977
-0.446091
-0.760911
-0.455692
-0.391908
-0.340614
-0.983944
-1.62334
-1.82558
-1.88947
-1.60948
-1.37189
-1.28567
-1.21756
-1.09687
-0.971906
-0.856251
-0.751376
-0.656794
-0.557605
-0.435693
-0.305229
-0.233569
-0.191943
-0.162375
-0.128247
-0.120343
-0.112284
-0.111457
-0.0987923
-0.0905151
-0.0605793
-0.0432093
-0.0252085
-0.00618553
0
5
4.47129
4.06834
3.79992
3.45954
3.1726
2.84949
3.84367
3.49067
3.25771
2.58862
2.32366
2.0952
3.36343
3.04556
2.77355
1.1904
1.10758
1.01684
2.45408
2.22615
1.45512
1.33841
0.586724
0.548745
1.4344
1.30372
1.19258
0.78707
0.735523
0.682651
1.10838
1.01539
0.949641
0.670392
0.624757
0.581643
0.753177
0.696546
0.646637
0.41261
0.392791
0.372713
0.563274
0.526897
0.501997
0.447739
0.422246
0.400596
0.477002
0.449024
0.424352
0.36902
0.351837
0.336622
0.344934
0.330229
0.355276
0.339872
0.32572
0.320293
0.307963
0.29687
