0.400234
0.401982
0.402811
0.404724
0.404602
0.406867
0.406991
0.408499
0.409881
0.407321
0.410035
0.406846
0.404202
0.400762
0.399431
0.39576
0.395706
0.398291
0.393096
0.395629
0.38889
0.391311
0.385258
0.384979
0.387054
0.380596
0.382857
0.376045
0.375039
0.377026
0.370214
0.371758
0.364758
0.365783
0.359143
0.360565
0.35332
0.351404
0.347606
0.345596
0.346124
0.339465
0.339264
0.333255
0.332758
0.327097
0.326313
0.324072
0.318483
0.317337
0.312146
0.310804
0.305802
0.304216
0.299568
0.29791
0.293492
0.291783
0.289407
0.285288
0.283317
0.279406
0.277369
0.273654
0.271551
0.268058
0.265901
0.263856
5
5
5
5
5
5
5
5
5
5
5
5
5
5
5
5
5
5
5
5
5
5
-5
-4.31348
-3.44127
-2.38382
-1.86189
-1.44648
-1.10201
-0.819161
-0.653392
-0.44824
-0.349996
-0.24353
-0.115846
0
4.65709
4.33694
3.95342
3.60028
3.2177
2.98965
2.77048
2.53498
2.30855
5
5
5
5
5
5
-5
-5
-5
-5
-5
-5
-5
-5
-4.36962
-3.47792
-2.73222
-2.16497
-1.70386
-1.33214
-1.03164
-0.836743
-0.633268
-0.464914
-5
-4.55978
-3.65055
-2.90902
-2.4338
-1.92587
-1.49075
-1.11237
-0.777265
-0.524632
-0.402399
-0.341773
-0.23385
0
5
5
5
5
5
5
5
5
5
5
5
5
5
5
-5
-5
-5
-5
-5
-5
-5
-5
-5
-4.57317
-3.64931
-2.90576
-2.30211
-1.91556
-1.40223
-1.15116
-0.88455
-0.668879
0
0.0849657
0.0939369
0.0999265
0.108643
0.117257
0
0
0
0
0
0
0
0
0
0
0
0
0
3.41495
3.47459
3.13274
2.88566
2.632
2.31805
2.10187
1.96785
1.8406
1.70739
1.63602
1.59069
1.54736
1.49547
1.44807
2.2431
2.12234
2.0144
1.91843
1.83332
5
5
5
5
5
5
5
5
5
5
5
5
0
-1.47641
-1.01221
-0.532559
-0.0735919
0
-2.08844
-5
-5
-5
-5
-4.46526
-3.40364
-2.51472
-1.75615
-1.19111
-0.744126
-0.392178
-0.116481
0
0.188194
0.244125
0.306006
0.359308
0.405172
0.444588
0.478415
0.507404
0.53221
0.553404
5
5
5
5
5
5
5
-2.53656
-1.92607
-1.29376
-0.7652
-0.351615
-0.0507356
-2.43261
-1.71536
-1.14738
-0.703424
-0.42403
-0.142022
0
0
0
0
0
0
0
0
0
1.06491
-4.8445
-3.93994
-2.97919
-2.18936
-1.61629
-1.22554
-1.01844
-0.74833
-0.608654
-0.452859
-0.324116
-0.239529
