0.238958
0.2495
0.257644
0.266429
0.275483
0.283714
0.291765
0.299083
0.307193
0.314518
0.322312
0.328562
0.347533
0.354398
0.359162
0.364543
0.369098
0.3743
0.377678
0.382996
0.38599
0.390093
0.394516
0.397067
0.400532
0.402149
0.405468
0.406831
0.40977
0.410217
0.412123
0.412513
0.413977
0.413966
0.415185
0.416091
0.41553
0.41549
0.414562
0.414347
0.412855
0.412409
0.410727
0.409583
0.407618
0.406565
0.404877
0.402541
0.400505
0.397749
0.395551
0.392416
0.390266
0.387559
0.384158
0.38113
0.377525
0.374232
0.370426
0
0
5
5
5
5
5
5
5
5
5
4.5061
4.11747
3.75981
3.67563
3.36021
3.0737
2.39913
2.2003
2.05896
2.08334
1.91371
1.75775
1.64458
1.51425
1.39593
1.26485
1.16917
1.08307
0.693519
0.650713
-0.464283
-0.463469
-0.723239
-0.662763
-0.424502
-0.366532
-0.312675
-0.26543
-0.00176604
-0.350476
-0.338716
-0.43243
-0.360335
-0.29476
-0.261012
-0.220085
-0.171148
-0.135111
-0.0930268
-0.0354831
0
1.81403
1.20648
1.12092
1.06569
0.727811
0.677013
0.626995
1.43245
1.26573
1.17027
1.18347
1.09511
1.03314
0.628782
0.585168
0.56061
0.531934
0.503437
0.477785
0.286559
0.277514
0.458224
0.440519
-1.74888
-1.65782
-0.55292
-0.594063
-0.626846
-0.490276
-3.95332
-3.72917
-3.2421
-3.29288
-2.95762
-2.70483
-3.13673
-2.78901
-2.498
-2.27346
-2.06316
-1.85812
-1.70967
-1.49149
-1.32211
-1.18327
-1.03498
-0.930583
-0.80549
-0.730872
-0.655211
-0.579291
-0.506706
-0.439637
-0.377944
-0.33316
-0.280857
0
5
3.92289
3.60889
3.28604
3.31543
3.02172
2.80483
4.09961
3.82281
3.49191
2.5668
2.35693
2.16308
2.07834
1.90365
1.78121
1.81334
1.67067
1.53778
-3.59913
-3.15611
-2.79537
-2.52139
-2.17511
-1.95719
-1.76012
-1.94353
-1.60768
-1.25952
-1.09439
-1.22309
-1.15107
-0.833676
-0.83057
-1.04987
-0.737602
-0.472271
-0.400769
-0.873981
-1.34116
-1.31687
-1.13187
-0.980785
-0.91917
-0.772008
-0.734518
-0.669165
-0.601193
-0.531778
-0.465105
-0.402901
-0.345903
-0.27355
-0.180333
0
0
0
0
0
0
2.76045
2.49307
2.26582
2.31791
2.15103
2.05018
4.11213
3.7781
3.44742
1.27572
1.23162
1.19509
2.25619
2.05029
1.89179
3.65061
3.33782
3.07479
0.701775
0.692388
0.662005
2.58011
2.35774
2.16244
2.02533
1.86072
1.74435
1.54956
1.45543
1.34433
0.197458
0.21103
0.865287
0.804383
0.293487
-0.332182
-0.326616
-0.253691
-0.210806
-0.179077
-0.145118
-0.101459
-0.0639926
-0.030299
-0.0141237
0
0.731893
0.687938
-3.11746
-2.81124
-2.53828
-2.28686
-2.05725
-1.84925
-1.32883
-1.13163
-0.97271
-0.890781
-0.790428
-0.680068
-0.983132
-1.06254
-1.50259
-1.07313
-0.50425
-0.915555
-1.34085
-0.885394
-0.390303
-0.356028
-0.305497
-0.246155
-0.221814
-0.189612
-0.137952
-1.07503
-0.890399
-1.40668
-1.18948
-0.96825
-0.91239
-0.873642
-0.806111
-0.722837
-0.640032
-0.562552
-0.484257
-0.390804
-0.306207
-0.260633
-0.220153
-0.203853
-0.177986
-0.149005
0
4.79981
4.37282
4.88884
4.45601
4.06488
4.45702
4.06908
3.80529
2.82767
2.64485
2.42287
2.54508
2.3303
2.35651
2.16285
1.96421
1.80515
1.64211
1.54063
1.4198
1.29621
1.1983
0.934832
0.870217
0.945436
0.878994
0.727698
0.681534
0.613454
0.568003
0.666593
0.627401
0.590238
-4.22859
-3.76667
-3.4037
-3.07357
-2.83951
-2.49427
-2.39339
-2.14825
-1.93579
-1.73928
-1.5606
-1.39587
-1.24875
-1.111
-1.16875
-0.853557
-0.476128
-0.205266
-0.417597
-0.594491
-0.357603
-0.399924
-0.756077
-0.435977
-0.384564
-0.337525
-0.742024
-1.55328
-1.79653
-1.92445
-1.63214
-1.45043
-1.31314
-1.219
-1.14062
-1.00236
-0.91723
-0.814431
-0.720543
-0.632844
-0.55279
-0.436105
-0.303599
-0.247717
-0.207849
-0.169728
-0.135814
0
3.63873
3.32204
4.18357
3.81143
3.54473
4.43557
4.06566
3.74219
1.80574
1.69834
1.5541
2.86614
2.63658
2.45282
2.28263
2.07544
1.93106
2.61554
2.40054
2.22046
0.875076
0.829404
0.761915
2.10283
1.93192
1.81851
0.656146
0.629754
0.59053
1.53327
1.41339
0.604234
0.577314
0.743677
0.70713
1.13669
1.07148
0.996251
0.531681
0.503373
0.478257
0.679687
0.637719
0.601677
0.466552
0.443506
0.427717
0.324158
0.315844
0.307087
0.33064
0.321534
0.311722
0.378774
0.364679
0.351171
0.38117
0.366187
0.355839
0.333992
0.326377
0.316425
0.366249
0.352495
0.340224
0.311599
0.303099
