5
5
5
5
5
5
5
5
5
5
24.9588
24.9588
24.9588
24.9588
24.9588
24.9588
24.9588
24.9588
24.9588
24.9588
23.4141
23.4141
23.4141
23.4141
23.4141
23.4141
23.4141
23.4141
23.4141
23.4141
24.918
24.918
24.918
8.35661
8.35661
8.35661
8.75128
8.38588
8.15552
8.15552
8.15552
8.15552
24.918
24.918
24.918
24.918
24.918
24.918
24.918
24.918
11.8906
11.8906
11.8906
11.8906
11.8906
11.8906
11.8906
11.8906
11.8906
11.8906
24.7698
24.7698
24.7698
24.7698
24.7698
24.7698
24.7698
7.39702
7.31728
7.31728
7.31728
7.49426
7.49426
7.49426
7.49426
7.49426
7.49426
7.49426
7.49426
24.7698
24.7698
24.7698
24.7698
18.614
3.89065
3.89065
3.4391
3.4391
3.4391
3.4391
3.4391
3.4391
3.4391
3.4391
3.4391
18.614
18.614
18.614
18.614
18.614
18.614
18.614
18.614
18.614
18.614
14.953
14.953
14.953
14.953
14.953
14.953
14.953
14.953
14.953
14.953
24.3001
4.63688
4.63688
4.80549
4.8506
4.8506
4.8506
4.8506
4.8506
4.8506
4.8506
4.8506
4.8506
24.3001
24.3001
0
0
0
0
0
0
0
0
0
0
0
0
24.3001
24.3001
24.3001
24.3001
24.3001
24.3001
4.23963
4.00287
3.9797
3.9797
3.9797
3.9797
3.9797
24.3001
24.3001
24.3001
8.74424
8.74424
8.74424
8.74424
8.74424
8.74424
8.74424
8.74424
8.74424
8.74424
24.4171
24.4171
24.4171
24.4171
24.4171
24.4171
24.4171
24.4171
24.4171
24.4171
24.4171
24.5594
9.70202
9.70202
9.70202
9.70202
24.5594
24.5594
24.5594
24.5594
24.5594
24.5594
24.5594
24.5594
5.3844
5.5231
5.5231
5.5231
5.51392
5.51392
5.51392
5.51392
5.51392
5.51392
5.51392
5.51392
5.51392
24.5594
24.5594
24.5594
7.17044
0
7.17044
0
0
0
0
0
0
0
7.17044
7.17044
7.17044
7.17044
7.17044
3.55833
3.10729
