1
1
1
1
1
1
1
1
1
1
1
1
1
1
1
1
1
1
1
1
1
1
1
1
1
1
1
1
1
1
1
1
1
1
1
1
1
1
1
1
1
1
1
1
1
1
1
1
1
1
1
1
1
1
1
1
1
1
1
1
1
1
1
1
1
1
1
9.74671
9.74671
9.25508
9.25508
9.32388
9.32388
9.32388
9.61019
9.61019
9.61019
9.90026
9.90026
9.90026
9.61483
9.61483
9.61483
9.57311
9.57311
9.87475
9.87475
9.87475
9.99348
9.99348
9.99348
9.73635
8.59809
8.59809
8.45084
8.16976
8.17551
8.17551
8.17551
8.17551
8.17551
8.38434
7.89101
7.86622
7.82587
7.82587
7.82587
7.82587
7.82587
7.82587
7.82587
7.82587
0
9.73635
9.73635
9.2187
9.2187
9.2187
9.19559
9.19559
9.19559
9.94552
9.94552
9.94552
9.98283
9.98283
9.98283
9.86715
9.86715
9.86715
9.72806
9.72806
9.72806
9.56425
9.56425
9.56425
9.69558
9.69558
7.57605
7.54023
8.46353
8.33433
8.2459
8.30102
4.79088
4.58986
4.67942
4.24066
4.24066
4.24066
4.24066
4.24066
4.24066
4.24066
4.24066
4.24066
4.24066
4.24066
4.24066
4.24066
4.24066
4.24066
4.24066
4.24066
4.24066
4.24066
4.24066
4.24066
4.24066
4.24066
4.24066
4.24066
4.24066
0
9.69558
9.19663
9.19663
9.19663
9.63412
9.63412
9.63412
9.36715
9.36715
9.36715
9.73651
9.73651
9.72767
9.72767
9.782
4.78481
4.83917
4.85015
4.85015
4.86309
4.86309
4.86309
4.52506
4.5989
4.78213
4.76573
4.54121
4.49445
4.62563
4.51989
4.25111
4.43248
4.43248
4.43248
3.92723
3.41188
3.26898
3.26898
3.26898
3.26898
3.26898
3.26898
3.26898
3.26898
3.26898
3.26898
3.26898
3.26898
3.26898
3.26898
3.26898
0
0
0
0
0
9.782
6.29832
6.29832
6.25204
6.25204
6.25204
8.99884
8.99884
8.99884
6.14326
6.14326
6.14326
8.66123
8.66123
8.66123
8.82279
8.82279
8.82279
8.18177
8.18177
8.18177
9.84854
9.84854
9.84854
9.82459
9.82459
9.82459
9.93913
9.93913
9.93913
9.10266
9.10266
9.10266
9.67225
9.67225
8.72655
8.80179
0
9.67225
9.5126
9.5126
9.5126
9.08032
9.08032
9.08032
9.58244
9.58244
5.46193
5.64629
5.68639
5.68639
5.68639
5.68639
5.63843
5.67339
5.69059
5.6566
5.66785
5.41394
5.14799
5.08796
4.60553
4.79514
4.74257
4.15825
4.4686
4.93157
4.99663
4.99663
4.99663
4.99663
4.99663
4.99663
3.90634
3.55832
3.10729
3.10729
3.10729
3.10729
3.10729
3.10729
3.10729
3.10729
3.10729
3.10729
3.10729
3.10729
3.10729
3.10729
3.10729
3.10729
3.10729
3.10729
3.10729
3.10729
3.10729
3.10729
0
9.58244
9.63891
9.63891
9.23458
9.23458
9.38439
9.38439
9.38439
9.45285
9.45285
9.45285
9.91856
9.91856
9.91856
9.89063
9.89063
9.89063
9.99174
9.99174
9.867
9.867
9.91206
9.91206
9.92911
9.92911
9.92911
9.87217
9.87217
9.87217
9.96833
9.96833
5.28237
5.29527
5.29527
5.29527
5.29527
5.29527
5.0499
5.0499
5.0499
5.0499
5.0499
5.0499
5.0499
5.0499
4.75318
4.94248
5.18813
5.33289
4.99786
4.91599
5.10973
4.9342
4.54903
4.75714
4.75714
4.75714
4.05982
3.26879
2.82518
2.48241
2.48241
2.48241
2.48241
2.48241
2.48241
2.48241
2.48241
2.48241
2.48241
2.48241
2.48241
2.48241
2.48241
2.48241
2.48241
2.48241
2.48241
2.48241
2.48241
2.48241
2.48241
2.48241
2.48241
2.48241
2.48241
0
9.96833
7.39922
7.39922
7.39922
7.44901
7.44901
7.44901
8.7211
8.7211
8.7211
8.32666
8.32666
8.32666
9.79039
9.79039
9.79039
8.43984
8.43984
8.43984
9.97103
9.97103
9.40228
9.40228
8.7242
8.7242
9.6463
9.6463
9.6463
9.33616
9.33616
9.33616
9.80943
9.80943
9.80943
9.60246
9.60246
9.60246
9.8098
9.8098
9.8098
9.61864
9.61864
9.61864
9.82697
9.82697
9.82697
9.80209
9.80209
9.80209
9.89929
9.89929
9.89929
9.86662
9.86662
9.86662
9.88624
9.88624
9.92488
9.92488
9.92488
9.93246
9.93246
9.93246
