1
1
1
1
1
1
1
1
1
1
1
1
1
1
1
1
1
1
1
1
1
1
1
1
1
1
1
1
1
1
1
1
1
1
1
1
1
1
1
1
1
1
1
1
1
1
1
1
1
1
1
1
1
1
1
1
1
1
1
1
1
1
1
1
1
1
1
1
1
1
1
1
1
1
1
1
1
1
1
1
1
1
1
1
1
1
1
1
1
1
1
1
1
1
1
1
1
1
1
1
1
1
1
1
1
1
1
1
1
1
1
1
1
1
9.9624
9.9624
9.9624
9.9624
9.9624
9.9624
9.9624
9.9624
9.9624
9.9624
9.9624
9.9624
9.9624
9.9624
9.9624
9.9624
9.9624
9.9624
9.9624
9.9624
9.9624
9.9624
9.9624
9.9624
9.9624
8.50498
8.2074
8.17004
8.17004
8.17004
8.17004
8.17004
8.17004
8.14232
8.1738
8.07095
8.07095
8.07095
8.07095
8.07095
0
9.9624
9.9624
9.9624
9.9624
9.9624
9.9624
9.9624
8.7784
8.7784
8.7784
8.7784
0
9.9624
9.9624
9.9624
9.9624
9.9624
9.9624
9.9624
9.9624
9.9624
9.9624
9.9624
9.9624
9.9624
9.9624
9.9624
7.57816
7.53165
8.42933
8.34892
8.26877
8.3016
4.78313
4.58918
4.68292
4.2606
4.2606
4.2606
3.46238
3.46238
3.46238
3.46238
3.46238
3.46238
3.46238
3.46238
3.46238
3.46238
3.46238
3.46238
3.46238
3.46238
3.46238
3.46238
3.46238
3.46238
3.46238
3.46238
3.46238
3.46238
3.46238
3.46238
3.46238
3.46238
0
9.9624
9.9624
9.9624
9.9624
9.68013
9.68013
9.68013
9.68013
9.68013
9.68013
9.68013
9.68013
9.68013
9.68013
9.68013
9.68013
4.78768
4.84152
4.84152
4.91163
4.91163
4.91163
4.52056
4.62015
4.77123
4.86187
4.74193
4.50721
4.51761
4.63415
4.51931
4.24879
4.42984
4.42984
4.42984
3.9088
3.43249
3.29227
3.29227
3.29227
3.29227
3.29227
3.29227
3.29227
3.29227
3.29227
3.29227
3.29227
3.29227
3.29227
3.29227
3.29227
0
0
0
0
0
9.68013
9.68013
9.68013
9.68013
9.68013
9.68013
9.68013
9.68013
9.68013
9.68013
9.68013
9.68013
9.68013
9.68013
9.68013
9.68013
9.68013
9.68013
9.68013
9.68013
9.68013
9.68013
9.68013
9.68013
9.68013
9.68013
9.68013
9.68013
9.68013
9.68013
9.68013
8.74317
8.56296
8.66438
8.66438
8.66438
8.66438
8.66438
8.66438
8.66438
8.66438
8.66438
0
9.68013
5.48281
5.48281
5.67535
5.67535
5.67535
5.67535
5.6479
5.68225
5.70045
5.64737
5.65754
5.4591
5.1754
4.49571
4.66779
5.08661
4.95463
4.21108
4.40654
4.78204
4.88467
4.88467
4.88467
4.88467
4.88467
4.88467
4.236
3.55832
3.10729
3.10729
3.10729
3.10729
3.10729
3.10729
3.10729
3.10729
3.10729
3.10729
3.10729
3.10729
3.10729
3.10729
3.10729
3.10729
3.10729
3.10729
3.10729
3.10729
3.10729
3.10729
0
9.68013
9.68013
9.68013
9.68013
9.68013
9.68013
9.68013
8.98303
8.98303
8.98303
8.98303
8.98303
8.98303
8.98303
8.98303
8.98303
8.98303
8.98303
8.98303
8.98303
8.98303
8.98303
8.98303
8.98303
8.98303
8.98303
8.98303
8.98303
8.98303
8.98303
8.98303
8.98303
8.98303
8.98303
8.98303
8.98303
5.1974
5.1974
5.1974
5.08422
5.16488
5.16488
5.28324
5.28324
5.28324
5.28324
4.77921
4.98945
5.23697
5.23289
4.9516
4.98136
5.11559
4.93051
4.60392
4.78361
4.78361
4.60837
3.78407
3.31356
3.0869
2.48241
2.48241
2.48241
2.48241
2.48241
2.48241
2.48241
2.48241
2.48241
2.48241
2.48241
2.48241
2.48241
2.48241
2.48241
2.48241
2.48241
2.48241
2.48241
2.48241
2.48241
2.48241
2.48241
2.48241
2.48241
2.48241
0
8.98303
8.98303
8.98303
8.98303
8.98303
8.98303
8.98303
8.98303
8.98303
8.98303
8.98303
8.98303
8.98303
8.98303
8.98303
8.98303
8.98303
8.98303
8.98303
8.98303
8.98303
9.11991
9.11991
9.11991
9.11991
9.11991
9.11991
9.11991
9.11991
9.11991
9.11991
9.11991
9.11991
9.11991
9.11991
9.11991
9.11991
9.11991
9.11991
9.11991
9.11991
9.11991
9.11991
9.11991
9.11991
9.11991
9.11991
9.11991
9.11991
9.11991
9.11991
9.11991
9.11991
9.11991
9.11991
9.11991
9.11991
9.11991
9.11991
9.11991
9.11991
9.11991
9.11991
9.11991
9.11991
9.11991
9.11991
9.11991
9.11991
9.11991
9.11991
9.93932
9.93932
9.93932
9.93932
9.93932
9.93932
9.93932
9.93932
9.93932
9.93932
9.93932
9.93932
9.93932
9.44602
9.44602
9.39676
9.07435
9.07435
9.07435
9.07435
9.21954
8.97824
8.90344
8.90344
8.90344
8.79204
8.18881
7.7161
8.13337
8.13337
8.13337
8.13337
8.13337
8.13337
