1
1
1
1
1
1
1
1
1
1
1
1
1
1
1
1
1
1
1
1
1
1
1
1
1
1
1
1
1
1
1
1
1
1
1
1
1
1
1
1
1
1
1
1
1
1
1
1
1
1
1
1
1
1
1
1
1
1
1
1
1
1
1
1
1
1
1
1
20
20
20
20
20
20
20
20
20
20
20
20
20
20
20
20
20
20
20
20
20
20
8.64558
8.64558
8.64558
8.75972
8.75972
8.75971
8.75974
8.75974
8.75974
8.75974
8.75974
8.75974
8.75974
0
13.3366
13.3366
13.3366
13.3366
13.3366
13.3366
13.3366
13.3366
13.3366
20
20
20
20
20
20
7.59593
7.59594
7.68805
7.68805
7.76047
7.76047
7.76047
7.76047
7.76047
7.76047
7.76047
7.76047
7.76047
7.76047
7.76047
7.76047
7.76047
7.76047
4.9811
4.9811
4.9811
4.9811
4.9811
4.9811
4.9811
4.9811
4.9811
4.9811
4.9811
4.9811
4.9811
0
17.1812
17.1812
17.1812
17.1812
17.1812
17.1812
17.1812
17.1812
17.1812
17.1812
19.1748
19.1748
19.1748
19.1748
4.86686
4.87676
4.87676
4.69488
4.69488
4.69488
4.69488
4.69488
4.69488
4.69488
4.69488
4.69488
4.69488
4.69488
4.69488
4.69488
4.69488
4.69488
0
4.69488
4.69488
4.69488
4.69488
4.69488
0
0
0
0
0
0
0
0
0
0
0
0
0
7.62991
8.00574
8.00573
8.00573
8.00574
8.00574
8.00573
8.00574
8.00573
7.95938
7.95939
7.9594
7.95937
7.95937
7.95938
8.797
8.79708
8.79708
8.79708
8.79708
20
20
20
20
20
20
20
20
20
20
20
20
0
10.5008
10.5008
10.5009
10.5008
0
9.25378
5.67599
5.67599
5.67599
5.67599
5.67048
5.66104
5.66104
5.66104
5.66104
5.66104
5.66104
5.66104
0
5.66104
5.66104
5.66104
5.66104
5.66104
5.66104
5.66104
5.66104
5.66104
5.66104
20
20
20
20
20
20
20
7.00385
7.00385
7.00385
7.00385
7.00384
7.00384
5.7047
5.70469
5.7047
5.7047
5.7047
5.7047
0
0
0
0
0
0
0
0
0
6.42957
2.99236
2.99236
2.99236
2.99236
2.99236
2.99236
2.99236
2.99236
2.99236
2.99236
2.99236
2.99236
