2
2
9.96535
9.96535
9.9907
9.9907
9.99262
9.99262
9.99262
9.98968
9.98968
9.99523
9.99523
9.99523
9.34265
9.34265
9.49404
9.49404
9.88702
9.88702
9.63575
9.63575
9.7418
9.7418
9.7418
9.96649
9.96649
9.98052
9.98052
9.98403
9.98403
9.98403
9.6554
9.6554
9.88
9.88
9.40359
9.40359
9.40359
9.66062
9.66062
9.66062
8.04836
7.77757
7.77757
7.77757
7.77757
7.77757
7.77757
7.77757
7.77757
7.77757
7.77757
7.77757
7.77757
7.77757
7.77757
7.77757
7.77757
7.77757
0
9.83325
9.83325
9.83325
9.96511
9.96511
9.95677
9.95677
9.95677
9.61957
9.61957
9.71348
9.71348
9.71348
9.55315
9.55315
9.71622
9.71622
9.72104
9.72104
9.72104
9.71522
9.71522
9.5158
4.74321
4.74321
4.74321
4.74321
4.74321
4.74321
4.74321
4.74321
4.74321
4.74321
4.74321
4.74321
4.74321
4.74321
4.74321
4.74321
4.74321
4.74321
4.74321
4.74321
4.74321
4.74321
4.74321
4.74321
0
9.5158
9.5158
8.18153
8.18153
9.54718
9.54718
9.54718
9.38534
9.38534
9.02992
9.02992
9.85003
9.85003
9.72968
9.72968
9.72968
9.83149
4.83558
4.83558
4.83558
4.83558
4.83558
4.54656
4.54656
4.54656
4.54656
4.54656
4.54656
4.54656
4.54656
4.54656
4.54656
4.54656
4.54656
4.54656
4.54656
4.54656
4.54656
4.54656
4.54656
4.54656
4.54656
4.54656
4.54656
0
9.83149
4.00287
4.00287
4.00287
3.97969
3.97969
3.97969
3.97969
3.97969
3.97969
3.97969
8.23445
8.23445
8.23445
8.07224
8.07224
8.07224
8.33875
8.33875
9.65199
9.65199
9.65199
8.12293
8.12293
8.12293
9.3481
9.3481
9.3481
9.93139
9.93139
9.93139
9.95096
9.95096
9.95096
9.01306
9.01306
9.49927
9.49927
9.49927
8.74192
8.74192
8.69694
8.69694
8.69694
9.44978
9.44978
8.7747
8.7747
8.7747
9.76105
9.76105
9.76105
9.59983
9.59983
9.90215
9.90215
9.87501
5.66723
5.70268
5.64962
5.6861
5.34541
5.34541
4.58869
4.58869
4.58869
4.58869
4.58869
4.58869
4.58869
4.58869
4.58869
4.58869
4.58869
4.58869
4.58869
4.58869
4.58869
4.58869
0
9.87501
9.87501
8.28171
8.28171
8.28171
7.38778
7.38778
7.3452
7.3452
7.3452
8.47646
8.47646
8.47646
9.56868
9.56868
9.56868
9.20343
9.20343
9.20343
9.99163
9.99163
9.99163
9.86252
9.86252
9.86252
9.99949
9.99949
9.86458
9.86458
9.86458
9.92499
9.92499
9.8804
9.8804
9.8804
9.97826
9.97826
9.97826
9.96219
9.96219
9.91903
9.91903
9.91903
5.05698
5.14557
5.21532
5.31325
5.31325
5.31325
5.31325
4.84992
4.84992
4.84992
4.84992
4.84992
4.84992
4.84992
4.84992
4.84992
4.84992
4.84992
4.84992
4.84992
2.48241
2.48241
2.48241
2.48241
2.48241
2.48241
2.48241
2.48241
2.48241
2.48241
2.48241
2.48241
2.48241
2.48241
2.48241
2.48241
2.48241
2.48241
2.48241
2.48241
2.48241
2.48241
2.48241
0
8.54274
8.54274
7.7652
7.7652
7.7652
7.67247
7.67247
9.34574
9.34574
9.34574
7.70936
7.70936
7.70936
9.76464
9.76464
8.905
8.905
8.70582
8.70582
9.91817
9.91817
9.91817
9.07208
9.07208
9.34601
9.34601
9.34601
9.4742
9.4742
9.5413
9.5413
9.87243
9.87243
9.87243
9.617
9.617
9.617
9.82782
9.82782
9.82782
9.76244
9.76244
9.76244
9.72204
9.72204
9.78286
9.78286
9.78286
9.93009
9.93009
9.80962
9.80962
9.84376
9.84376
9.88979
9.88979
9.9094
9.9094
9.9094
9.93929
9.93929
9.93647
9.93647
9.92307
9.92307
9.92307
9.94501
9.94501
9.94501
9.92936
9.92936
9.92936
9.93224
9.93224
9.93224
9.79083
9.79083
9.83175
9.83175
9.71937
9.71937
9.71937
9.49951
9.49951
9.24755
9.24755
9.24755
9.45465
9.45465
8.71796
8.71796
9.35623
9.35623
9.35623
8.53603
8.53603
9.00261
9.00261
9.00261
9.89937
9.89937
9.89937
9.97772
9.97772
9.97772
9.30416
9.30416
9.55306
9.55306
9.55306
8.43444
8.43444
8.31537
8.31537
8.81268
8.81268
8.81268
9.29264
9.29264
9.29264
9.43593
9.43593
9.43593
9.61267
9.61267
9.61267
9.69611
9.69611
9.69611
9.95216
9.95216
9.95216
9.99325
9.99325
9.99325
9.88042
9.88042
9.75966
9.75966
9.75966
9.81139
9.81139
9.60245
9.60245
9.60245
9.73403
9.73403
9.73403
9.76156
9.76156
9.76156
9.78108
9.78108
9.78108
9.85136
9.85136
9.87591
9.87591
9.76928
9.76928
9.76928
9.88921
9.88921
9.88921
9.86565
9.86565
9.86565
9.79444
9.79444
9.79444
9.86587
9.86587
9.8106
9.8106
9.66563
9.66563
9.79332
9.79332
9.65394
9.65394
9.82689
9.82689
9.96415
9.96415
9.96415
9.90079
9.90079
9.90079
9.94926
9.94926
9.94926
9.83445
9.83445
9.83445
9.56761
9.56761
9.72637
9.72637
9.72637
9.88086
9.88086
9.88086
9.63121
9.63121
9.88431
9.88431
9.86507
9.86507
9.86507
9.90985
9.90985
9.90985
9.96411
9.96411
9.96986
9.96986
9.96986
9.77674
9.77674
9.79543
9.79543
9.79543
9.6635
9.6635
4.8275
4.8275
4.8275
4.8275
4.8275
4.6328
4.6328
4.6328
4.6328
4.6328
4.6328
4.6328
4.6328
4.6328
4.6328
4.6328
4.6328
4.6328
4.6328
4.6328
4.6328
4.6328
4.6328
4.6328
4.6328
4.6328
4.6328
0
0
4.20915
4.20915
4.34511
4.34511
4.34511
5.58002
5.58002
5.58002
2.93658
2.93658
2.93658
4.30298
4.30298
4.93115
4.93115
4.93115
4.93116
4.93116
4.93116
5
5
6.39278
6.39278
6.39278
9.47642
9.47642
9.47642
9.3685
9.3685
9.71166
9.71166
9.71166
8.70646
8.70646
8.70646
9.58621
9.58621
9.91853
9.91853
9.63893
9.63893
9.63893
9.93057
9.93057
9.86043
9.86043
9.86381
9.86381
9.86381
9.91144
9.91144
9.9426
9.9426
9.9426
9.84925
9.84925
9.94799
9.94799
9.88224
9.88224
9.88224
9.91919
9.91919
9.87837
9.87837
9.87837
9.88327
9.88327
9.88327
9.78162
9.78162
9.84126
9.84126
9.84126
9.74876
9.74876
9.76973
9.76973
9.90308
9.90308
9.52284
