2
2
2
2
2
2
2
2
2
2
2
2
2
2
2
2
2
2
2
2
2
2
2
2
2
2
2
2
2
2
2
2
2
2
2
2
2
2
2
2
2
2
2
2
2
2
9.40688
9.40688
9.40688
9.40688
9.40688
9.40688
9.40688
9.40688
9.40688
9.40688
9.40688
9.40688
9.40688
9.40688
9.40688
9.40688
9.40688
9.40688
9.40688
9.40688
9.40688
9.40688
9.40688
9.40688
9.40688
9.40688
9.40688
8.24403
8.12091
8.12091
8.12091
8.12091
8.12091
8.12091
8.12091
0
8.53883
8.53883
8.53883
8.53883
8.53883
8.53883
8.53883
8.53883
8.53883
8.53883
8.53883
8.53883
8.53883
8.53883
8.53883
8.53883
8.53883
8.53883
8.53883
8.53883
8.53883
8.53883
8.53883
8.53883
8.53883
8.53883
8.53883
8.53883
8.53883
8.53883
8.53883
8.53883
8.53883
8.53883
8.53883
8.53883
8.53883
8.53883
8.53883
8.53883
8.53883
8.53883
4.72914
4.72914
4.72914
4.72914
4.72914
4.72914
4.72914
4.72914
4.72914
4.72914
4.72914
4.72914
4.72914
4.72914
0
9.67414
9.67414
9.67414
9.67414
9.67414
9.67414
9.67414
9.67414
9.67414
9.67414
9.67414
7.67823
7.67823
7.67823
7.67823
0
9.60723
9.60723
9.60723
9.60723
9.60723
9.60723
9.60723
9.60723
9.60723
4.78026
4.8409
4.83236
4.89822
4.89822
4.89822
4.51357
4.60629
4.7555
4.7555
4.7555
4.7555
4.36191
4.36191
4.36191
4.36191
4.36191
4.36191
4.36191
4.36191
4.36191
0
0
0
4.99595
4.99595
4.99595
4.99595
4.99595
4.99595
4.99595
4.99595
4.99595
4.99595
4.99595
4.99595
4.99595
4.99595
4.99595
4.99595
4.99595
4.99595
4.99595
4.99595
4.99595
4.99595
4.99595
4.99595
4.99595
4.99595
4.99595
4.99595
4.99595
4.99595
4.99595
4.99595
4.99595
4.99595
4.99595
4.99595
4.99595
4.99595
4.99595
4.99595
4.99595
4.99595
4.99595
4.99595
4.99595
4.99595
4.99595
4.99595
4.99595
4.99595
9.93749
9.93749
9.93749
9.93749
9.93749
9.93749
9.93749
9.93749
9.93749
9.93749
9.93749
9.93749
9.93749
9.93749
9.93749
9.93749
9.93749
9.93749
9.93749
9.93749
9.93749
9.93749
9.93749
9.93749
5.54665
5.66605
5.69314
5.69314
5.69314
5.69314
5.65194
5.65194
5.65194
5.65053
5.65053
5.65053
5.24883
5.11093
4.51646
4.71969
4.71969
4.71969
4.10707
4.10707
4.10707
4.10707
4.10707
4.10707
4.10707
4.10707
4.10707
4.10707
0
3.71282
3.71282
3.71282
3.71282
3.71282
3.71282
3.71282
3.71282
3.71282
3.71282
3.71282
3.71282
3.71282
3.71282
3.71282
3.71282
3.71282
3.71282
3.71282
3.71282
3.71282
3.71282
3.71282
3.71282
3.71282
3.71282
3.71282
3.71282
3.71282
3.71282
3.71282
3.71282
3.71282
3.71282
3.71282
3.71282
3.71282
3.71282
3.71282
3.71282
3.71282
3.71282
3.71282
3.71282
3.71282
3.71282
3.71282
3.71282
3.71282
9.90956
9.90956
9.90956
9.90956
9.90956
9.90956
9.90956
9.90956
9.90956
9.90956
9.90956
9.90956
9.90956
9.90956
9.90956
9.90956
9.90956
9.90956
9.90956
9.90956
9.90956
5.28189
5.28189
5.28189
5.28189
5.28189
5.28189
5.28189
5.28189
5.28189
5.28189
5.28189
5.28189
5.28189
5.28189
0
9.40153
4.68324
4.84255
4.84255
4.84255
4.84255
4.84255
4.84255
4.84255
4.84255
4.84255
0
0
0
0
4.05553
3.23616
2.78603
2.48241
2.48241
2.48241
2.48241
2.48241
2.48241
2.48241
2.48241
2.48241
2.48241
2.48241
2.48241
0
4.21623
4.21623
4.21623
4.21623
4.21623
4.21623
4.21623
4.21623
4.21623
4.21623
4.21623
4.21623
4.21623
4.21623
4.21623
4.21623
4.21623
4.21623
4.21623
4.21623
4.21623
4.21623
4.21623
4.21623
4.21623
4.21623
4.21623
4.21623
4.21623
4.21623
4.21623
4.21623
4.21623
4.21623
4.21623
4.21623
4.21623
4.21623
4.21623
4.21623
4.21623
4.21623
4.21623
4.21623
4.21623
4.21623
4.21623
4.21623
4.21623
9.05718
9.05718
9.05718
9.05718
9.05718
9.05718
9.05718
9.05718
9.05718
9.05718
9.05718
9.05718
9.05718
9.05718
9.05718
9.05718
9.05718
9.05718
9.05718
9.05718
9.05718
9.05718
9.05718
9.05718
9.05718
9.05718
9.05718
9.05718
9.05718
9.05718
9.05718
9.05718
9.05718
9.05718
9.05718
9.05718
9.05718
9.05718
9.05718
9.05718
9.05718
9.05718
9.05718
9.05718
9.05718
9.05718
9.05718
9.05718
9.05718
9.05718
9.92026
9.92026
9.92026
9.92026
9.92026
9.92026
9.92026
9.92026
9.92026
9.92026
9.92026
9.92026
9.92026
9.92026
9.92026
9.28166
9.28166
9.28166
9.00802
9.00802
9.00802
9.00802
9.00802
9.00802
8.70298
8.70298
8.70298
8.70298
8.76011
8.4308
8.13024
8.13024
8.13024
8.13024
8.13024
8.13024
8.13024
8.13024
0
9.96297
9.96297
9.96297
9.96297
9.96297
9.96297
9.96297
8.88239
8.3445
8.0036
8.31399
8.31399
8.31399
8.31399
8.31399
0
9.53645
9.53645
9.53645
9.53645
9.53645
9.53645
9.53645
9.53645
9.53645
9.53645
9.53645
9.53645
9.53645
9.53645
9.53645
9.53645
9.53645
9.53645
9.53645
9.53645
9.53645
9.53645
9.53645
9.53645
9.53645
9.53645
9.53645
9.53645
9.53645
9.53645
9.53645
9.53645
9.53645
9.53645
9.53645
9.53645
9.53645
9.53645
9.53645
9.53645
9.53645
9.53645
9.53645
9.53645
9.53645
9.53645
9.53645
9.53645
9.53645
9.88671
9.88671
9.88671
9.88671
9.88671
9.88671
9.88671
9.88671
9.88671
9.88671
9.88671
9.88671
9.88671
9.88671
9.88671
9.53666
