1
1
1
1
1
1
1
1
1
1
1
1
1
1
1
1
1
1
1
1
1
1
1
1
1
1
1
1
1
1
1
1
1
1
1
1
1
1
1
1
1
1
1
1
1
1
1
1
1
1
1
1
1
1
1
1
1
1
1
1
1
1
1
1
1
9.72984
9.72984
9.7664
9.7664
9.7664
9.56819
9.56819
9.47143
9.47143
9.81699
9.81699
9.81699
9.78508
9.78508
9.78508
9.73528
9.73528
9.73528
9.98293
9.98293
9.96808
9.96808
9.96808
9.93731
9.93731
9.93731
9.70558
8.59018
8.74681
8.48696
8.14697
8.14259
8.14259
8.14259
8.14259
8.14259
8.16442
7.89333
7.93049
7.9432
7.9432
7.9432
7.9432
0
9.70558
9.70558
8.20884
8.20884
8.20884
8.20884
0
9.0978
9.0978
9.0978
9.8674
9.8674
9.76663
9.76663
9.98765
9.98765
9.86899
9.86899
9.86899
9.58929
9.58929
9.60655
9.60655
9.60655
9.62291
9.55834
9.55834
7.54134
7.54134
8.43653
8.44985
8.33386
8.24048
4.70643
4.86108
4.86108
4.86108
4.86108
4.86108
4.86108
3.38235
3.38235
3.38235
3.38235
3.38235
3.38235
3.38235
3.38235
3.38235
3.38235
3.38235
3.38235
3.38235
3.38235
3.38235
3.38235
3.38235
3.38235
3.38235
3.38235
3.38235
3.38235
3.38235
0
9.55834
8.37711
8.37711
8.37711
8.68724
8.68724
8.68724
9.85744
9.85744
9.36527
9.36527
9.36527
9.24033
9.24033
9.89572
9.89572
9.69545
9.69545
4.76894
4.83872
4.85888
4.85888
4.85888
4.85888
4.85888
4.50871
4.60581
4.60581
4.60581
4.60581
4.37219
4.49004
4.49004
4.49004
4.19794
4.19794
4.19794
4.19794
4.19794
4.19794
3.4042
3.4042
3.4042
3.4042
3.4042
3.4042
3.4042
3.4042
3.4042
3.4042
3.4042
3.4042
3.4042
3.4042
3.4042
0
9.69545
3.97969
3.97969
3.97969
5.03248
5.03248
5.03248
6.85152
6.85152
7.69034
7.69034
8.26566
8.26566
8.26566
6.8195
6.8195
6.8195
9.52436
9.52436
8.70134
8.70134
7.95792
7.95792
7.95792
9.77747
9.77747
9.77747
9.92394
9.92394
9.92394
9.97304
9.97304
8.90708
8.90708
8.90708
0
9.97304
9.05283
8.52619
8.51013
8.51013
8.51013
8.51013
8.51013
8.51013
8.51013
8.51013
8.51013
8.51013
0
5.41492
5.41492
5.41492
5.41492
5.41492
5.41492
5.41492
5.63094
5.63094
5.63094
5.65582
5.67707
5.687
5.37368
5.12942
4.47281
4.62114
4.62114
4.62114
4.62114
4.0828
4.0828
4.0828
4.0828
4.0828
4.0828
4.0828
4.0828
4.0828
4.0828
4.0828
4.0828
0
5.17551
5.17551
5.17551
8.69968
8.69968
9.33838
9.33838
9.33838
5.76284
5.76284
5.76456
0
7.43152
7.43152
7.43152
9.96909
9.96909
9.35535
9.35535
9.35535
9.63912
9.63912
9.63912
9.96001
9.96001
9.90374
9.90374
9.90374
9.98863
9.98863
9.98863
9.849
9.849
9.849
9.90625
9.90625
9.90625
9.91473
9.91473
9.96776
9.96776
9.96776
5.28961
5.28603
5.20802
5.20802
5.20802
5.04688
5.04688
5.04688
5.04688
5.04688
5.04688
5.04688
5.04688
4.75005
4.92861
5.16852
5.16852
5.16852
4.88153
4.88153
4.88153
4.88153
4.56859
4.56859
4.56859
4.56859
4.05958
3.29962
2.92345
2.48241
2.48241
2.48241
2.48241
2.48241
2.48241
2.48241
2.48241
2.48241
2.48241
2.48241
2.48241
2.48241
2.48241
2.48241
2.48241
2.48241
0
4.64088
4.64088
6.33987
6.33987
7.57953
7.57953
8.60553
8.60553
8.60553
7.23104
7.23104
8.7458
8.7458
8.7458
8.17195
8.17195
9.68701
9.68701
9.68701
8.63554
8.63554
8.63554
9.6408
9.6408
9.33174
9.33174
9.1544
9.1544
9.1544
9.76209
9.76209
9.76209
9.46728
9.46728
9.46728
9.82262
9.82262
9.58572
9.58572
9.7072
9.7072
9.7072
9.64199
9.64199
9.77604
9.77604
9.77604
9.67894
9.67894
9.67894
9.80956
9.80956
9.82743
9.82743
9.82743
9.8372
9.8372
9.893
9.893
9.9088
9.9088
9.9088
9.95769
9.95769
9.95769
9.93363
9.93363
9.9288
9.9288
9.9288
9.94287
9.94287
9.91686
9.91686
9.91686
9.93664
9.93664
9.87321
9.87321
