1
1
1
1
1
1
1
1
1
1
1
1
1
1
1
1
1
1
1
1
1
1
1
1
1
1
1
1
1
1
1
1
1
1
1
1
1
1
1
1
1
1
1
1
1
1
1
1
1
1
1
1
1
1
1
1
1
1
1
1
1
1
1
1
1
1
9.15098
9.15098
9.3449
9.3449
9.3449
9.32341
9.32341
9.32341
9.6045
9.6045
9.6045
9.84966
9.84966
9.84966
9.63827
9.63827
9.74617
9.74617
9.74617
9.98105
9.98105
9.98105
9.97164
9.97164
9.97164
9.82719
9.82719
9.82719
9.81326
8.64513
8.57357
8.25267
8.1534
8.30779
8.30779
8.30779
8.30779
8.30779
8.10464
8.04235
7.8986
7.8986
7.8986
7.8986
7.8986
7.8986
7.8986
7.8986
7.8986
0
9.81326
9.81326
8.9673
8.9673
8.9673
9.52624
9.52624
9.52624
9.91833
9.91833
9.91833
9.99426
9.99426
9.99426
9.6996
9.6996
9.5294
9.5294
9.5294
9.57881
9.57881
9.57881
9.73644
9.73644
7.55799
7.55799
8.40527
8.40665
8.30738
8.28458
4.74885
4.88591
4.64921
4.47764
4.47764
4.47764
4.47764
4.47764
4.47764
4.47764
4.47764
4.47764
4.47764
4.47764
4.47764
4.47764
4.47764
4.47764
4.47764
4.47764
4.47764
4.47764
4.47764
4.47764
0
8.51247
8.51247
8.08543
8.08543
8.08543
9.09789
9.09789
9.09789
9.76627
9.76627
9.31164
9.31164
9.31164
9.59234
9.59234
9.78649
9.78649
9.78649
4.75809
4.82879
4.86418
4.86418
4.89117
4.89117
4.89117
4.52793
4.63179
4.79259
4.82484
4.55165
4.4339
4.6188
4.59708
4.20596
4.35994
4.56354
4.56354
4.3672
3.74824
3.41864
3.40665
3.40665
3.40665
3.40665
3.40665
3.40665
3.40665
3.40665
3.40665
3.40665
3.40665
3.40665
3.40665
0
0
0
0
0
0
5.5095
5.5095
6.59878
6.59878
7.26365
7.26365
7.26365
8.43499
8.43499
6.17541
6.17541
6.17541
8.64525
8.64525
9.83118
9.83118
8.37167
8.37167
8.37167
8.54079
8.54079
9.92717
9.92717
9.92717
9.85789
9.85789
9.90821
9.90821
9.90821
8.93177
8.93177
8.93177
9.76161
9.76161
9.115
8.55145
8.53584
8.53584
8.53584
8.53584
8.53584
8.53584
8.53584
0
9.115
9.73675
9.73675
9.73675
5.486
5.486
5.68505
5.68505
5.68505
5.68505
5.65773
5.68651
5.69451
5.65118
5.65421
5.41642
5.14101
4.49746
4.68704
5.11605
4.78349
4.12048
4.38223
4.84753
4.84753
4.84753
4.84753
4.84753
4.84753
4.84753
3.84566
3.55832
3.10729
3.10729
3.10729
3.10729
3.10729
3.10729
3.10729
3.10729
3.10729
3.10729
3.10729
3.10729
3.10729
3.10729
3.10729
3.10729
3.10729
0
7.69582
7.69582
8.72985
8.72985
8.72985
9.69207
9.69207
9.2381
9.2381
9.25826
9.25826
9.25826
9.87201
9.87201
9.93095
9.93095
9.93095
9.90831
9.90831
9.98673
9.98673
9.88481
9.88481
9.85409
9.85409
9.85409
9.89252
9.89252
9.8608
9.8608
9.8608
9.97997
9.97997
9.96777
5.2891
5.28342
5.20586
5.20586
5.20586
5.04947
5.16694
5.16694
5.16694
5.16694
5.16694
5.16694
4.72356
4.85419
5.12065
5.2877
5.22886
4.87333
4.96096
5.06907
4.90264
4.6079
4.82112
4.82112
4.61967
3.68443
3.16202
2.91213
2.48242
2.48242
2.48242
2.48242
2.48242
2.48242
2.48242
2.48242
2.48242
2.48242
2.48242
2.48242
2.48242
2.48242
2.48242
2.48242
2.48242
2.48242
2.48242
2.48242
2.48242
0
9.96777
8.09327
8.09327
8.0801
8.0801
8.0801
7.40623
7.40623
9.18145
9.18145
9.18145
7.61938
7.61938
9.1434
9.1434
9.1434
8.99964
8.99964
8.52113
8.52113
9.79782
9.79782
9.33986
9.33986
9.33986
8.96868
8.96868
9.91338
9.91338
9.91338
9.33333
9.33333
9.74533
9.74533
9.74533
9.55939
9.55939
9.54283
9.54283
9.54283
9.70916
9.70916
9.70621
9.70621
9.85853
9.85853
9.85853
9.79993
9.79993
9.79993
9.92635
9.92635
9.78594
9.78594
9.82252
9.82252
9.82252
9.88437
9.88437
