2
2
2
2
2
2
2
2
2
2
2
2
2
2
2
2
2
2
2
2
2
2
2
2
2
2
2
2
2
2
2
2
2
2
2
2
2
2
2
2
2
2
2
2
9.23346
9.23346
9.23346
9.23346
9.23346
9.23346
9.23346
9.23346
9.23346
9.23346
9.23346
9.23346
9.23346
9.23346
9.23346
9.23346
9.23346
9.23346
9.23346
9.23346
9.23346
9.23346
9.23346
9.23346
9.23346
9.23346
9.23346
9.23346
9.23346
8.21741
8.21741
8.21741
8.21741
8.21741
8.21741
8.12746
8.12746
8.09765
0
9.62372
9.62372
9.62372
9.62372
9.62372
8.36306
8.36306
8.36306
8.36306
8.36306
8.36306
8.36306
8.36306
8.36306
8.36306
8.36306
8.36306
8.36306
8.36306
8.36306
8.36306
8.36306
8.36306
8.36306
8.36306
8.36306
8.36306
8.36306
8.36306
8.36306
8.36306
8.36306
8.36306
8.36306
8.36306
8.36306
8.36306
8.36306
8.36306
4.67105
4.67105
4.67105
4.67105
4.67105
4.67105
4.67105
4.67105
4.67105
4.67105
4.67105
4.67105
4.67105
0
9.78026
9.78026
9.78026
9.78026
9.78026
9.78026
9.78026
9.78026
9.78026
9.78026
9.78026
9.78026
9.78026
8.02795
8.02795
8.02795
8.02795
8.02795
8.02795
8.02795
8.02795
8.02795
8.02795
8.02795
8.02795
8.02795
4.75062
4.75062
4.75062
4.75062
4.75062
4.75062
4.75062
4.75062
4.75062
4.75062
4.75062
4.75062
4.75062
0
0
0
0
0
0
0
0
0
0
0
3.3646
3.3646
3.3646
3.3646
3.3646
3.3646
3.3646
3.3646
3.3646
3.3646
3.3646
0
7.7531
7.7531
7.7531
7.7531
7.7531
3.97969
3.97969
3.97969
3.97969
3.97969
3.97969
3.97969
3.97969
3.97969
3.97969
3.97969
3.97969
0
6.99515
6.99515
6.99515
6.99515
6.99515
6.99515
6.99515
6.99515
6.99515
6.99515
6.99515
6.99515
6.99515
6.99515
6.99515
6.99515
6.99515
6.99515
6.99515
6.99515
6.99515
6.99515
6.99515
6.99515
6.99515
6.99515
6.99515
6.99515
6.99515
6.99515
6.99515
6.99515
6.99515
6.99515
6.99515
6.99515
6.99515
6.99515
6.99515
6.99515
6.99515
6.99515
6.99515
6.99515
6.99515
6.99515
6.99515
6.99515
6.99515
6.99515
9.6583
9.6583
9.6583
9.6583
9.6583
9.6583
5.67282
5.70028
5.69972
5.63795
5.67737
5.33481
5.07722
4.48974
4.71219
4.71219
4.71219
4.12242
4.12242
4.12242
4.12242
4.12242
4.12242
4.12242
4.12242
4.12242
4.12242
0
3.72438
3.72438
3.72438
3.72438
3.72438
3.72438
3.72438
3.72438
3.72438
3.72438
3.72438
3.72438
3.72438
3.72438
3.72438
3.72438
3.72438
3.72438
3.72438
3.72438
3.72438
3.72438
3.72438
3.72438
3.72438
3.72438
3.72438
3.72438
3.72438
3.72438
3.72438
3.72438
3.72438
3.72438
3.72438
3.72438
3.72438
3.72438
3.72438
3.72438
3.72438
3.72438
3.72438
3.72438
3.72438
3.72438
3.72438
3.72438
3.72438
9.91024
9.91024
9.91024
9.91024
9.91024
9.91024
9.91024
9.91024
9.91024
9.91024
9.91024
9.91024
9.91024
9.91024
9.91024
9.91024
9.91024
9.91024
9.91024
9.91024
9.91024
5.28782
5.28782
5.28782
5.28782
5.28782
5.28782
5.28782
5.28782
5.28782
5.28782
5.28782
5.28782
5.28782
5.28782
0
4.66709
4.66709
4.66709
4.66709
4.66709
4.66709
4.66709
4.66709
0
0
0
0
0
0
0
0
3.19623
2.78483
2.78483
2.78483
2.78483
2.78483
2.78483
2.78483
2.78483
2.78483
2.78483
2.78483
2.78483
0
4.83628
4.83628
4.83628
4.83628
4.83628
4.83628
4.83628
4.83628
4.83628
4.83628
4.83628
4.83628
4.83628
4.83628
4.83628
4.83628
4.83628
4.83628
4.83628
4.83628
4.83628
4.83628
4.83628
4.83628
4.83628
4.83628
4.83628
4.83628
4.83628
4.83628
4.83628
4.83628
4.83628
4.83628
4.83628
4.83628
4.83628
4.83628
4.83628
4.83628
4.83628
4.83628
4.83628
4.83628
4.83628
4.83628
4.83628
4.83628
4.83628
9.88783
9.88783
9.88783
9.88783
9.88783
9.88783
9.88783
9.88783
9.88783
9.88783
9.88783
9.88783
9.88783
9.88783
9.88783
9.88783
9.88783
9.88783
9.88783
9.88783
9.88783
9.88783
9.88783
9.88783
9.88783
9.88783
9.88783
9.88783
9.88783
9.88783
9.88783
9.88783
9.88783
9.88783
9.88783
9.88783
9.88783
9.88783
9.88783
9.88783
9.88783
9.88783
9.88783
9.88783
9.88783
9.88783
9.88783
9.88783
9.88783
9.88783
9.93591
9.93591
9.93591
9.93591
9.93591
9.93591
9.52172
9.52172
9.59653
9.42515
9.51869
9.41939
9.1699
9.1699
9.1699
9.1699
9.18301
8.60605
9.03992
0
9.54663
8.75502
8.22346
7.91152
8.39168
8.39168
8.39168
8.39168
8.39168
0
9.88993
9.88993
9.88993
9.88993
9.88993
9.88993
9.88993
9.88993
9.04029
8.31232
8.02585
8.00938
8.11859
8.11859
8.11859
8.11859
8.11859
8.11859
8.11859
0
9.34521
9.34521
9.34521
9.34521
9.34521
9.34521
9.34521
9.34521
9.34521
9.34521
9.34521
9.34521
9.34521
9.34521
9.34521
9.34521
9.34521
9.34521
9.34521
9.34521
9.34521
9.34521
9.34521
9.34521
9.34521
9.34521
9.34521
9.34521
9.34521
9.34521
9.34521
9.34521
9.34521
9.34521
9.34521
9.34521
9.34521
9.34521
9.34521
9.34521
9.34521
9.34521
9.34521
9.34521
9.34521
9.34521
9.34521
9.34521
9.34521
9.91273
9.91273
9.91273
9.91273
9.91273
9.91273
9.91273
9.91273
9.91273
9.91273
9.91273
9.91273
9.91273
9.91273
9.91273
9.91273
9.91273
9.91273
9.91273
9.91273
9.91273
9.91273
9.91273
9.91273
9.91273
9.91273
9.91273
9.91273
9.61954
9.53176
9.53176
9.53176
9.53176
9.53176
9.53176
9.53176
9.53176
9.53176
9.53176
9.53176
9.53176
9.53176
9.53176
9.53176
9.53176
9.53176
9.53176
9.53176
9.53176
9.53176
9.53176
9.53176
9.53176
9.53176
9.53176
9.53176
9.53176
4.84768
4.84768
4.84768
4.84768
4.84768
4.84768
4.84768
4.84768
4.84768
4.84768
4.84768
4.84768
4.84768
4.84768
0
9.81903
9.81903
9.81903
4.64728
4.64728
4.27021
4.45835
4.45835
4.45835
4.45835
4.45835
4.45835
4.45835
4.45835
4.45835
0
0
0
0
0
0
3.15658
3.15658
3.15658
3.15658
3.15658
3.15658
3.15658
3.15658
3.15658
3.15658
3.15658
0
2.93658
2.93658
2.93658
2.93658
2.93658
2.93658
2.93658
2.93658
2.93658
2.93658
2.93658
2.93658
2.93658
2.93658
2.93658
2.93658
2.93658
2.93658
2.93658
2.93658
2.93658
2.93658
2.93658
2.93658
2.93658
2.93658
2.93658
2.93658
2.93658
2.93658
2.93658
2.93658
2.93658
2.93658
2.93658
2.93658
2.93658
2.93658
2.93658
2.93658
2.93658
2.93658
2.93658
2.93658
2.93658
2.93658
2.93658
2.93658
2.93658
8.79448
8.79448
8.79448
8.79448
8.79448
8.79448
8.79448
8.79448
8.79448
8.79448
8.79448
8.79448
8.79448
8.79448
8.79448
8.79448
8.79448
8.79448
8.79448
8.79448
8.79448
8.79448
8.79448
8.79448
8.79448
8.79448
8.79448
8.79448
8.79448
8.79448
8.79448
8.79448
8.79448
8.79448
8.79448
8.79448
8.79448
8.79448
8.79448
8.79448
8.79448
8.79448
8.79448
8.79448
8.79448
8.79448
8.79448
8.79448
8.79448
8.79448
9.85915
9.85915
9.85915
9.85915
9.85915
9.85915
9.85915
9.85915
9.85915
9.85915
9.85915
9.85915
9.85915
9.85915
9.85915
9.85915
9.85915
9.85915
9.85915
9.85915
9.85915
9.85915
9.4015
8.97375
9.05231
9.21689
9.21689
9.21689
0
9.11066
9.1033
9.1033
9.1033
9.1033
9.1033
9.1033
9.1033
9.1033
9.1033
9.1033
9.1033
9.1033
7.68081
7.81606
7.6979
7.45599
7.40208
7.40208
7.40208
7.40208
7.40208
7.40208
7.40208
7.40208
0
8.72385
8.72385
8.72385
8.72385
8.72385
8.72385
8.72385
8.72385
8.72385
8.72385
8.72385
8.72385
8.72385
8.72385
8.72385
8.72385
8.72385
8.72385
8.72385
8.72385
8.72385
8.72385
8.72385
8.72385
8.72385
8.72385
8.72385
8.72385
8.72385
8.72385
8.72385
8.72385
