1
1
1
1
1
1
1
1
1
1
1
1
1
1
1
1
1
1
1
1
1
1
1
1
1
1
1
1
1
1
1
1
1
1
1
1
1
1
1
1
1
1
1
1
1
1
1
1
1
1
1
1
1
1
1
1
1
1
1
1
1
9.87876
9.87876
9.87876
9.87166
9.87166
9.87166
9.53292
9.53292
9.53292
9.57464
9.57464
9.57464
9.93217
9.93217
9.93217
9.61747
9.61747
9.61747
9.87303
9.87303
9.87303
9.9548
9.9548
9.9548
9.97595
9.97595
9.97595
9.70078
9.70078
8.64047
8.57551
8.25119
8.21165
8.35856
8.35856
8.35856
8.35856
8.55395
8.16388
8.08952
7.91397
7.91397
7.91397
7.91397
7.91397
7.91397
7.91397
7.91397
7.91397
0
9.70078
9.23875
9.23875
9.23875
8.99403
8.99403
8.99403
9.84791
9.82144
9.82144
9.95576
9.95576
9.95576
9.66008
9.66008
9.66008
9.68198
9.68198
9.68198
9.52196
9.52196
9.70976
9.70976
7.5698
7.55486
8.46148
8.3465
8.23254
8.28216
4.78584
4.59078
4.68138
4.28819
4.28819
4.28819
3.47167
3.47167
3.47167
3.47167
3.47167
3.47167
3.47167
3.47167
3.47167
3.47167
3.47167
3.47167
3.47167
3.47167
3.47167
3.47167
3.47167
3.47167
3.47167
3.47167
3.47167
0
9.70976
7.78524
7.78524
7.78524
8.16003
8.16003
8.16003
9.82021
9.82021
9.82021
9.3054
9.3054
9.3054
9.45655
9.45655
9.45655
9.68476
9.68476
9.68476
4.76803
4.82698
4.84871
4.84871
4.89149
4.89149
4.89149
4.50775
4.61658
4.78463
4.80434
4.54798
4.4696
4.64672
4.55049
4.22772
4.39884
4.59249
4.59249
4.07279
3.4775
3.3038
3.3038
3.3038
3.3038
3.3038
3.3038
3.3038
3.3038
3.3038
3.3038
3.3038
3.3038
3.3038
3.3038
0
0
0
0
0
0
5.91269
5.91269
5.91269
6.22402
6.22402
6.22402
8.50757
8.50757
8.50757
6.72156
6.72156
6.72156
7.8627
7.8627
7.8627
9.82504
9.82504
9.82504
7.84643
7.84643
7.84643
9.82243
9.82243
9.82243
9.93076
9.93076
9.93076
9.96377
9.96377
9.96377
8.95593
8.95593
9.61016
9.61016
9.17462
8.54969
8.47712
8.47712
8.47712
8.47712
8.47712
8.47712
8.47712
8.47712
8.47712
0
9.17462
9.17462
5.43739
5.43739
5.43739
5.43739
5.43739
5.43739
5.62533
5.66742
5.69275
5.65703
5.66896
5.67789
5.2875
5.08122
4.51102
4.7319
5.16593
4.70679
4.14689
4.44176
4.79862
4.79862
4.79862
4.79862
4.79862
4.79862
4.79862
3.78014
3.78014
3.10729
3.10729
3.10729
3.10729
3.10729
3.10729
3.10729
3.10729
3.10729
3.10729
3.10729
3.10729
3.10729
3.10729
3.10729
3.10729
3.10729
0
7.82443
7.82443
8.80434
8.80434
8.80434
9.67207
9.67207
9.67207
9.21995
9.21995
9.21995
9.61403
9.61403
9.88093
9.88093
9.9054
9.9054
9.92258
9.92258
9.92258
9.95311
9.95311
9.80569
9.80569
9.95683
9.95683
9.88419
9.88419
9.86281
9.86281
9.99658
9.99658
9.99658
5.27797
5.29186
5.29186
5.29186
5.29186
5.29186
5.04803
5.04803
5.04803
5.04803
5.04803
5.04803
5.04803
5.04803
4.73847
4.89644
5.17017
5.39106
5.12913
4.89904
5.03574
4.95231
4.53803
4.73678
4.73678
4.73678
4.27823
3.35207
2.8804
2.48242
2.48241
2.48241
2.48241
2.48241
2.48241
2.48241
2.48241
2.48241
2.48241
2.48241
2.48241
2.48241
2.48241
2.48241
2.48241
2.48241
2.48241
0
6.10905
6.10905
7.32138
7.32138
7.32138
8.62166
8.62166
8.62166
7.10902
7.10902
7.10902
8.60334
8.60334
8.60334
8.69209
8.69209
8.69209
9.58692
9.58692
9.58692
8.48529
8.48529
8.48529
9.89084
9.89084
9.89084
8.95311
8.95311
8.95311
9.94284
9.94284
9.27316
9.27316
9.48167
9.48167
9.97661
9.97661
9.97661
9.61469
9.61469
9.61469
9.85268
9.85268
9.85268
9.77097
9.77097
9.77097
9.69948
9.69948
9.69948
9.7401
9.7401
9.7401
9.82437
9.82437
9.82437
9.8759
9.8759
9.8759
9.88041
9.88041
9.88041
9.94777
9.94777
9.94777
9.94086
9.94086
