5
5
24.9003
24.9003
24.9003
24.9003
24.9003
24.9003
24.9003
24.9003
24.9003
24.9003
24.0588
24.0588
24.0588
24.0588
24.0588
24.0588
24.0588
24.0588
24.0588
24.0588
24.6516
24.6516
24.6516
24.6516
24.6516
8.47641
8.38736
8.38736
8.38736
8.66864
8.31729
8.15855
8.15855
8.15855
8.15855
8.15855
8.15855
8.15855
8.15855
8.15855
8.15855
8.15855
8.15855
8.15855
8.15855
8.15855
8.15855
8.15855
8.15855
8.15855
0
24.6516
24.6516
24.6516
24.6516
24.6516
24.6516
15.9067
15.9067
15.9067
15.9067
15.9067
7.33459
7.33459
7.33459
7.33459
7.33459
7.33459
7.33459
7.33459
7.33459
7.33459
7.33459
7.33459
7.33459
7.33459
7.33459
7.33459
7.33459
7.33459
3.2604
3.2604
3.2604
3.2604
3.2604
3.2604
3.2604
3.2604
3.2604
3.2604
3.2604
3.2604
3.2604
3.2604
3.2604
3.2604
3.2604
3.2604
3.2604
3.2604
3.2604
3.2604
3.2604
3.2604
0
15.9067
15.9067
15.9067
15.9067
15.9067
15.9067
22.4856
22.4856
22.4856
22.4856
22.4856
22.4856
22.4856
22.4856
22.4856
4.7867
4.86264
4.79921
4.91124
4.91124
4.91124
4.56054
4.68256
4.68256
4.68256
4.68256
4.68256
4.68256
4.68256
4.68256
4.68256
4.68256
4.68256
4.68256
4.68256
4.68256
4.68256
4.68256
4.68256
4.68256
4.68256
4.68256
4.68256
0
22.4856
22.4856
3.97969
3.97969
3.97969
3.97969
3.97969
3.97969
3.97969
3.97969
3.97969
3.97969
11.062
11.062
11.062
11.062
11.062
11.062
11.062
11.062
11.062
11.062
11.062
20.8448
20.8448
20.8448
20.8448
20.8448
20.8448
20.8448
9.63195
9.63195
9.63195
9.63195
9.63195
9.63195
9.63195
9.63195
9.63195
9.63195
9.63195
9.63195
9.63195
9.63195
9.63195
9.63195
5.47515
5.47515
5.47515
5.47515
5.47515
5.47515
5.63789
5.63789
5.63789
5.63789
5.63789
5.63789
5.63789
4.55896
4.55896
4.55896
4.55896
4.55896
4.55896
4.55896
4.55896
4.55896
4.55896
4.55896
4.55896
4.55896
4.55896
4.55896
0
20.8448
20.8448
20.8448
20.8448
12.4063
12.4063
12.4063
12.4063
12.4063
12.4063
12.4063
12.4063
12.4063
12.4063
12.4063
24.0603
24.0603
24.0603
24.0603
24.0603
24.0603
24.0603
24.0603
24.0603
24.0603
5.39431
5.41755
5.41755
5.16368
5.16368
5.16368
5.16368
5.16368
5.16368
5.16368
5.16368
5.16368
5.16368
5.16368
5.16368
5.16368
5.16368
5.16368
5.16368
5.16368
5.16368
5.16368
5.16368
5.16368
5.16368
5.16368
5.16368
5.16368
5.16368
0
0
0
0
0
0
0
0
0
0
5.21451
5.21451
5.21451
5.21451
5.21451
5.21451
5.21451
5.21451
5.21451
5.21451
4.59161
4.59161
4.59161
4.59161
4.59161
4.59161
4.59161
4.59161
4.59161
4.59161
4.59161
16.396
16.396
16.396
16.396
16.396
16.396
16.396
16.396
16.396
16.396
16.396
23.8235
23.8235
23.8235
23.8235
23.8235
23.8235
23.8235
23.8235
23.8235
23.8235
24.2677
24.2677
24.2677
24.2677
24.2677
24.2677
24.2677
24.2677
24.2677
24.2677
24.2677
9.99337
9.99337
9.99337
12.4062
12.4062
12.4062
12.4062
12.4062
12.4062
12.4062
12.4062
12.4062
12.4062
12.4062
12.4062
12.4062
10.0655
10.0655
10.0655
10.0655
9.04149
9.18122
9.17444
9.17444
9.17444
9.17444
9.17444
9.17444
9.17444
9.17444
9.17444
9.17444
9.17444
9.17444
9.17444
9.17444
9.17444
9.17444
9.17444
9.17444
9.17444
9.17444
0
13.0809
13.0809
13.0809
13.0809
13.0809
13.0809
13.0809
13.0809
13.0809
13.0809
13.0809
17.973
17.973
17.973
17.973
17.973
17.973
17.973
