1
1
1
1
1
1
1
1
1
1
1
1
1
1
1
1
1
1
1
1
1
1
1
1
1
1
1
1
1
1
1
1
1
1
1
1
1
1
1
1
1
1
1
1
1
1
1
1
1
1
1
1
1
1
1
1
1
1
1
1
1
1
1
1
1
1
1
1
1
1
1
1
1
1
1
1
1
1
1
1
1
1
1
1
1
1
1
1
1
1
1
1
1
1
1
1
1
1
1
1
1
1
1
1
1
1
1
1
1
1
1
9.99785
9.99785
9.99785
9.99785
9.99785
9.99785
9.99785
9.99785
9.99785
9.99785
9.99785
9.99785
9.99785
9.99785
9.99785
9.99785
9.99785
9.99785
9.99785
9.99785
9.99785
9.99785
9.99785
9.99785
9.99785
8.52727
8.22618
8.173
8.173
8.173
8.173
8.173
8.173
8.173
0
9.99785
9.99785
9.99785
9.99785
9.99785
9.99785
8.81383
8.30282
8.30282
8.30282
8.30282
8.30282
8.30282
8.30282
0
9.99785
9.99785
9.99785
9.99785
9.99785
9.99785
9.99785
9.99785
9.99785
9.99785
9.99785
9.99785
9.99785
9.99785
9.99785
9.99785
9.99785
9.99785
7.56125
7.54591
8.46029
8.39702
8.28524
8.2708
4.7428
4.7428
4.7428
4.7428
4.7428
4.7428
4.7428
4.7428
4.7428
4.7428
4.7428
4.7428
4.7428
4.7428
0
9.99785
7.65735
7.65735
7.65735
7.65735
7.65735
7.65735
7.65735
7.65735
7.65735
7.65735
7.65735
7.65735
7.65735
7.65735
7.65735
7.65735
7.65735
7.65735
7.65735
7.65735
7.65735
7.65735
7.65735
7.65735
7.65735
7.65735
7.65735
7.65735
7.65735
7.65735
4.8848
4.8848
4.8848
4.52795
4.63033
4.77375
4.77375
4.77375
4.77375
4.33304
4.33304
4.33304
4.33304
4.33304
4.33304
4.33304
4.33304
4.33304
0
0
0
7.65735
7.65735
7.65735
7.65735
7.65735
7.65735
7.65735
5.25232
4.00287
4.00287
3.97969
3.97969
3.97969
3.97969
3.97969
3.97969
0
7.65735
7.65735
7.65735
7.65735
7.65735
7.65735
7.65735
7.65735
7.65735
7.65735
7.65735
7.65735
7.65735
8.33999
8.33999
8.33999
8.33999
8.33999
8.33999
8.33999
8.33999
8.33999
8.33999
8.33999
8.33999
8.33999
8.33999
8.33999
8.33999
8.33999
8.33999
8.33999
8.33999
8.33999
8.33999
8.33999
8.33999
8.33999
8.33999
8.33999
8.33999
8.33999
8.33999
8.33999
8.33999
8.33999
8.33999
8.33999
8.33999
8.33999
8.33999
8.33999
8.33999
5.66502
5.70298
5.69544
5.63949
5.6405
5.29488
5.12762
4.53965
4.74225
4.74225
4.81724
4.16493
4.16493
4.16493
4.16493
4.16493
4.16493
4.16493
4.16493
4.16493
4.16493
0
8.33999
3.10729
3.10729
3.10729
3.10729
3.10729
3.10729
3.10729
3.10729
3.10729
3.10729
3.10729
3.10729
0
8.33999
8.33999
8.33999
8.33999
8.33999
8.33999
8.33999
8.33999
8.33999
9.95648
9.95648
9.95648
9.95648
9.95648
9.95648
9.95648
9.95648
9.95648
9.95648
9.95648
9.95648
9.95648
9.95648
9.95648
9.95648
9.95648
9.95648
9.95648
9.95648
9.95648
9.95648
9.95648
9.95648
9.95648
9.95648
9.95648
5.28379
5.29621
5.29621
5.29621
5.29621
5.29621
5.29621
5.29621
5.29621
5.29621
5.29621
5.29621
5.29621
5.29621
5.29621
4.6936
4.6936
4.6936
4.6936
4.6936
4.6936
4.6936
4.6936
0
0
0
0
0
0
0
3.48534
2.99304
2.48241
2.48241
2.48241
2.48241
2.48241
2.48241
2.48241
2.48241
2.48241
2.48241
2.48241
2.48241
0
9.95648
9.95648
9.95648
9.95648
9.95648
9.95648
9.95648
4.59161
4.59161
4.59161
4.59161
4.59161
4.59161
4.59161
4.59161
4.59161
4.59161
0
9.95648
9.95648
9.95648
9.95648
9.95648
9.95648
9.95648
9.95648
9.95648
9.95648
9.95648
9.95648
9.95648
9.95648
9.95648
9.95648
9.71515
9.71515
9.71515
9.71515
9.71515
9.71515
9.71515
9.71515
9.71515
9.71515
9.71515
9.71515
9.71515
9.71515
9.71515
9.71515
9.71515
9.71515
9.71515
9.71515
9.71515
9.71515
9.71515
9.71515
9.71515
9.71515
9.71515
9.71515
9.71515
9.71515
9.71515
9.71515
9.71515
9.71515
9.71515
9.71515
9.71515
9.71515
9.71515
9.71515
9.71515
9.71515
9.71515
9.71515
9.71515
9.71515
9.71515
9.71515
9.71515
9.71515
9.85208
9.85208
9.85208
9.85208
9.50397
9.50397
0
9.39363
9.43353
9.37929
9.19547
9.19547
9.19547
9.19547
9.16834
8.64594
8.64594
8.64594
8.64594
8.77905
8.23762
7.90247
7.90247
7.90247
7.90247
7.90247
7.90247
7.90247
7.90247
7.90247
0
9.85208
9.85208
9.85208
9.85208
9.85208
9.85208
9.85208
8.34575
7.79002
8.19557
8.19557
8.19557
8.19557
8.19557
0
9.85208
9.85208
9.85208
9.85208
9.85208
9.85208
9.85208
9.85208
9.85208
9.85208
9.85208
9.85208
9.85208
9.85208
9.85208
9.85208
9.85208
9.85208
9.85208
9.85208
9.85208
9.85208
9.85208
9.85208
9.85208
9.85208
9.85208
9.85208
9.85208
9.85208
9.85208
9.85208
9.85208
9.85208
9.85208
9.85208
9.85208
9.85208
9.85208
9.85976
9.85976
9.85976
9.85976
9.85976
9.85976
9.85976
9.85976
9.85976
9.85976
9.85976
9.85976
9.85976
9.85976
9.85976
9.85976
9.85976
9.85976
9.65137
0
9.85976
9.85976
9.85976
9.85976
9.85976
