2.5
2.5
4.97875
4.97875
4.97875
4.96978
4.96978
4.96978
4.99095
4.99095
4.99349
4.99349
4.99349
4.99545
4.99545
4.99527
4.99527
4.66867
4.66867
4.66867
4.68187
4.68187
4.84689
4.84689
4.93447
4.93447
4.93447
4.89533
4.89533
4.79462
4.79462
4.79462
4.83995
4.83995
4.83995
4.97028
4.97028
4.99186
4.99186
4.98529
4.98529
4.99914
4.99914
4.99914
4.98192
4.98192
4.99348
4.99348
4.92461
4.92461
4.92461
4.82305
4.82305
4.84304
4.84304
4.93331
4.93331
4.97652
4.97652
4.97652
4.59962
4.59962
4.59962
4.66869
4.66869
4.66869
4.89225
4.89225
4.89225
4.73115
4.73115
4.06264
4.06264
4.3282
4.3282
4.33061
4.33061
4.33061
4.81881
4.81881
4.94328
4.94328
4.94328
4.38517
4.38517
4.68834
4.68834
3.98061
3.98061
4.55095
4.55095
4.55095
4.88793
4.88793
4.88793
4.40058
4.40058
4.40058
4.10352
4.10352
4.52175
4.52175
4.52175
4.89644
4.89644
4.88275
4.88275
4.88275
4.95485
4.95485
4.95485
4.9972
4.9972
4.99888
4.99888
4.99888
4.95162
4.95162
4.95162
4.84322
4.84322
4.84322
4.78258
4.78258
4.78258
4.93527
4.93527
4.74459
4.74459
4.74459
4.77015
4.77015
4.77015
4.79976
4.79976
4.92749
4.92749
4.92749
4.84453
4.84453
4.84453
4.74835
4.74835
4.88639
4.88639
4.88639
4.81919
4.81919
4.81919
4.71633
4.71633
4.71633
4.89298
4.89298
4.89298
4.97887
4.97887
4.97887
3.72382
3.72382
3.72382
4.2387
4.2387
4.70564
4.70564
4.70564
4.93638
4.93638
4.24653
4.24653
4.0788
4.0788
3.93868
3.93868
4.60043
4.60043
4.88173
4.88173
4.96255
4.96255
4.96255
4.06184
4.06184
4.06184
4.04584
4.04584
4.04584
4.77807
4.77807
4.77807
4.9586
4.9586
4.9586
4.69572
4.69572
4.43487
4.43487
4.71594
4.71594
4.71594
4.94582
4.94582
4.94582
4.82694
4.82694
4.90051
4.90051
4.90051
4.93083
4.93083
4.93083
4.98952
4.98952
4.99404
4.99404
4.99404
4.88794
4.88794
4.60225
4.60225
4.60225
4.92234
4.92234
4.92234
4.35845
4.35845
4.35845
4.15556
4.15556
4.15556
4.62182
4.62182
4.62182
3.56936
3.56936
3.21249
3.21249
3.21249
3.72026
3.72026
4.51598
4.51598
4.51598
4.93138
4.93138
2.5
2.5
2.5
2.5
2.5
2.5
2.5
2.5
2.5
3.50287
3.50287
3.50287
4.63948
4.63948
4.63948
3.99228
3.99228
3.33891
3.33891
4.05674
4.05674
4.05674
4.72591
4.72591
4.89007
4.89007
4.89007
4.14376
4.14376
4.05267
4.05267
4.05267
4.57584
4.57584
4.82622
4.82622
4.82622
4.94879
4.94879
4.94879
4.92258
4.92258
4.92882
4.92882
4.9687
4.9687
4.9687
4.99494
4.99494
4.61623
4.61623
4.54477
4.54477
4.54477
4.68886
4.68886
4.8888
4.8888
4.8888
4.75745
4.75745
4.75745
4.35724
4.35724
4.35724
4.59739
4.59739
4.8643
4.8643
4.97138
4.97138
4.97138
4.44042
4.44042
4.44042
4.65778
4.65778
4.65778
4.85673
4.85673
4.85673
4.85336
4.85336
4.85336
4.63411
4.63411
4.63411
4.89669
4.89669
4.92879
4.92879
4.92879
4.93449
4.93449
4.93449
4.95362
4.95362
4.95362
4.98902
4.98902
4.96099
4.96099
4.96099
4.62797
4.62797
4.62797
3.9891
3.9891
4.67182
4.67182
4.67182
3.53775
3.53775
4.06511
4.06511
4.06511
4.50321
4.50321
4.47902
4.47902
4.47902
2.5
2.5
2.5
3.01841
3.01841
3.01841
4.54355
4.54355
4.54355
4.212
4.212
4.212
3.31069
3.31069
4.21084
4.21084
4.21084
4.0212
4.0212
4.0212
4.75564
4.75564
4.75564
4.54721
4.54721
4.54721
4.81837
4.81837
4.38545
4.38545
4.38545
4.77417
4.77417
4.90571
4.90571
4.91294
4.91294
4.91294
4.96242
4.96242
4.92439
4.92439
4.92439
4.97782
4.97782
4.97782
4.99215
4.99215
4.99693
4.99693
4.99693
4.87122
4.87122
4.87122
4.96502
4.96502
4.93994
4.93994
4.93994
4.97582
4.97582
4.97582
4.92057
4.92057
4.92057
4.98173
4.98173
4.97868
4.97868
4.97868
4.9872
4.9872
4.97615
4.97615
4.97615
4.99432
4.99432
4.99432
4.99729
4.99729
4.9634
4.9634
4.9634
4.76316
4.76316
4.76316
4.93939
4.93939
4.81713
4.81713
4.81713
4.78336
4.78336
4.78336
4.45188
4.45188
4.79494
4.79494
4.79494
4.48926
4.48926
4.76355
4.76355
4.1733
4.1733
4.1733
4.73331
4.73331
4.73331
2.96159
2.96159
2.96159
3.23271
3.23271
4.35033
4.35033
4.80454
4.80454
4.80454
2.5
2.5
2.5
2.5
2.5
2.5
2.5
2.5
3.68169
3.68169
3.68169
4.35104
4.35104
4.35104
4.22091
4.22091
4.22091
4.77738
4.77738
4.77738
3.65796
3.65796
3.65796
4.52061
4.52061
4.52061
4.83921
4.83921
4.83921
4.47644
4.47644
4.47644
4.23998
4.23998
4.6292
4.6292
4.82406
4.82406
4.82406
4.96689
4.96689
4.96689
4.45407
4.45407
4.47079
4.47079
4.47079
4.84593
4.84593
4.84593
4.96223
4.96223
4.96223
4.59115
4.59115
4.70095
4.70095
4.70095
4.83575
4.83575
4.83575
4.96038
4.96038
4.96038
4.75003
4.75003
4.75003
4.7294
4.7294
4.7294
4.91823
4.91823
4.91823
4.98866
4.98866
4.78395
4.78395
4.78395
4.78482
4.78482
4.89753
4.89753
4.89753
4.94596
4.94596
4.94596
4.82088
4.82088
4.9109
4.9109
4.87104
4.87104
4.87104
4.97152
4.97152
4.97025
4.97025
4.97025
4.91205
4.91205
4.91205
4.90378
4.90378
4.96055
4.96055
4.96055
4.969
4.969
4.969
4.94211
4.94211
4.91133
4.91133
4.9608
4.9608
4.9608
4.99377
4.99377
4.95544
4.95544
4.97162
4.97162
4.97162
4.97018
4.97018
4.97018
4.99383
4.99383
4.96164
4.96164
4.96164
4.96958
4.96958
4.94144
4.94144
4.97781
4.97781
4.97781
4.96106
4.96106
4.94788
4.94788
4.94788
4.91445
4.91445
4.96728
4.96728
4.98913
4.98913
4.98913
4.84894
4.84894
4.84894
4.68159
4.68159
4.84225
4.84225
4.84225
4.96014
4.96014
4.64776
4.64776
4.81151
4.81151
4.81151
4.39794
4.39794
4.39794
4.83775
4.83775
4.70657
4.70657
4.83331
4.83331
4.83331
4.00338
4.00338
4.00338
4.59723
4.59723
4.59723
4.71388
4.71388
4.87329
4.87329
4.87329
4.07842
4.07842
4.11332
4.11332
4.65388
4.65388
4.65388
4.88097
4.88097
4.88097
4.90217
4.90217
4.90217
4.85551
4.85551
4.85551
4.96013
4.96013
4.98634
4.98634
4.95663
4.95663
4.95663
4.64092
4.64092
4.63261
4.63261
4.63261
4.78965
4.78965
4.92337
4.92337
4.27212
4.27212
4.27212
4.18677
4.18677
4.18677
4.50593
4.50593
4.50593
4.8774
4.8774
4.52579
4.52579
4.52579
4.52906
4.52906
4.83614
4.83614
4.43659
4.43659
4.43659
4.73341
4.73341
4.73341
4.66468
4.66468
4.88519
4.88519
4.88519
4.77738
4.77738
4.81937
4.81937
4.81937
4.83589
4.83589
4.83589
4.96029
4.96029
4.96769
4.96769
4.95498
4.95498
4.95498
4.99156
4.99156
4.99156
4.99746
4.99746
4.98634
4.98634
4.88793
4.88793
4.94202
4.94202
4.94202
4.90823
4.90823
4.96481
4.96481
4.95193
4.95193
4.95193
4.87653
4.87653
4.71984
4.71984
4.86932
4.86932
4.9522
4.9522
4.9522
4.82177
4.82177
4.82177
4.8727
4.8727
4.8727
4.85537
4.85537
4.94743
4.94743
4.90958
4.90958
4.90958
4.89336
4.89336
4.81909
4.81909
4.92343
4.92343
4.96885
4.96885
4.96885
4.91071
4.91071
4.93502
4.93502
4.87242
4.87242
4.87242
4.97009
4.97009
4.91802
4.91802
4.91802
4.97488
4.97488
4.97488
4.84621
4.84621
4.93916
4.93916
4.97906
4.97906
4.97906
4.95834
4.95834
4.95834
4.7928
4.7928
4.7928
4.94297
4.94297
4.94297
4.91467
4.91467
4.95642
4.95642
4.95642
4.73986
4.73986
4.88485
4.88485
4.88485
4.88355
4.88355
4.88355
4.96466
4.96466
4.96466
4.67562
4.67562
4.67562
4.91522
4.91522
4.92875
4.92875
4.97016
4.97016
4.97016
4.90667
4.90667
4.9594
4.9594
4.9594
4.95519
4.95519
4.95519
4.99112
4.99112
4.99112
4.86698
4.86698
4.86698
4.95725
4.95725
4.89063
4.89063
4.89063
4.92859
4.92859
4.92859
4.71184
4.71184
4.71184
4.85723
4.85723
4.85723
4.78707
4.78707
4.92375
4.92375
4.90341
4.90341
4.90341
4.95198
4.95198
4.70397
4.70397
4.86269
4.86269
4.86269
4.90713
4.90713
4.90713
4.98054
4.98054
4.90581
4.90581
4.85929
4.85929
4.85929
4.96828
4.96828
4.96767
4.96767
4.96767
4.97613
4.97613
4.96906
4.96906
4.98575
4.98575
4.98575
4.99834
4.99834
4.99955
4.99955
4.99955
4.74939
4.74939
4.74939
4.92922
4.92922
4.92922
4.93182
4.93182
4.93182
4.83604
4.83604
4.59695
4.59695
4.59695
4.8721
4.8721
4.81346
4.81346
4.91569
4.91569
4.91569
4.49223
4.49223
4.72845
4.72845
4.72845
4.95106
4.95106
4.95106
4.83613
4.83613
4.62732
4.62732
4.62732
4.53216
4.53216
4.53216
4.4661
4.4661
4.35399
4.35399
4.35399
3.9456
3.9456
3.9456
4.59285
4.59285
4.16659
4.16659
4.16659
2.47153
2.47153
2.47153
3.51093
3.51093
4.48358
4.48358
4.48358
3.19819
3.19819
2.5
2.5
2.5
2.5
2.5
2.5
2.5
2.5
2.5
2.5
2.60926
2.60926
2.60926
4.22951
4.22951
4.22951
4.77043
4.77043
4.31328
4.31328
4.31328
4.20671
4.20671
4.20671
4.70338
4.70338
4.70338
4.90465
4.90465
4.90465
4.54612
4.54612
4.54612
4.55676
4.55676
4.54247
4.54247
4.54247
4.87504
4.87504
4.93429
4.93429
4.93429
4.8048
4.8048
4.78142
4.78142
4.78142
4.93512
4.93512
4.93512
4.98368
4.98368
4.98368
4.91573
4.91573
4.91573
4.91375
4.91375
4.96097
4.96097
4.98594
4.98594
4.98594
4.94378
4.94378
4.94378
4.97223
4.97223
4.98946
4.98946
4.98946
4.99787
4.99787
4.99787
4.91422
4.91422
4.91422
4.88513
4.88513
4.9477
4.9477
4.9477
4.99605
4.99605
4.90465
4.90465
4.90465
4.87164
4.87164
4.87164
4.96467
4.96467
4.98809
4.98809
4.98809
4.89019
4.89019
4.89019
4.86191
4.86191
4.93774
