0.01
0.0322387
0.0552806
0.0765621
0.100559
0.120941
0.138861
0.164463
0.183337
0.209692
0.227477
0.254447
0.271033
0.298541
0.31398
0.331131
0.359172
0.373189
0.401426
0.414485
0.442694
0.45487
0.470917
0.498869
0.510277
0.53763
0.5483
0.575313
0.585435
0.611767
0.621419
0.635471
0.660577
0.669621
0.693745
0.702506
0.725543
0.734081
0.75586
0.764348
0.784905
0.793203
0.812511
0.823204
0.831549
0.849218
0.85737
0.873796
0.881734
0.89696
0.904661
0.91873
0.926994
0.934209
0.946556
0.953441
0.964751
0.971756
0.982051
0.988719
0.998076
1.00406
1.01016
0.991164
0.971009
0.954694
0.938345
0.925445
0.91237
0.90323
0.894739
0.882125
0.869257
0.863678
0.8561
0.850912
0.851331
0.84201
0.841662
0.833963
0.834235
0.827764
0.828162
0.825986
0.82081
0.821118
0.816791
0.817139
0.813662
0.814194
0.81129
0.81179
0.80937
0.809502
0.807531
0.807635
0.807061
0.805768
0.805962
0.804919
0.805069
0.80423
0.804344
0.803673
0.803758
0.803491
0.802841
0.802736
0.802217
0.802118
0.801864
0.801745
1.18578
1.66583
2.14592
2.62626
3.10655
3.58679
4.06547
4.54467
5.0248
5.50262
5.84715
6.24288
6.59884
6.91915
7.20737
7.46674
7.70023
7.91031
8.06165
8.23868
8.39315
8.53214
8.65908
8.77335
8.87649
8.78454
8.64449
8.52571
8.45376
8.37573
8.3138
8.2524
8.18971
8.137
8.09717
8.24446
8.40171
8.52409
8.65215
8.75461
8.84701
8.80474
8.65762
8.55855
8.48815
8.42092
8.37329
8.33969
8.29733
8.28485
8.43818
8.57334
8.69635
8.8071
8.90653
8.99602
9.07606
9.13415
9.19903
9.25685
9.30802
9.35658
9.40081
9.43817
9.47232
9.50273
9.53324
9.55924
9.2206
8.84908
8.75056
8.65828
8.56062
8.48099
7.95991
7.44177
6.92222
6.44297
6.1191
5.75908
5.46918
5.2383
5.11224
4.99982
4.90291
4.81824
4.74797
4.69115
4.67139
5.03883
5.29317
5.47478
5.64498
5.84235
6.02811
6.18004
6.30904
6.42424
6.50714
6.55242
6.62057
6.65987
6.73344
6.82923
6.89998
6.95629
7.00279
7.04748
7.08674
7.10859
7.14769
7.18061
7.20894
7.23225
7.25533
7.27594
7.29422
7.31124
7.32331
7.3369
6.71853
6.40186
6.0656
5.72551
5.4873
5.32564
5.22025
5.0815
4.98958
4.85749
4.73473
4.63497
4.53234
4.474
4.42744
4.3867
4.35249
4.31697
4.26207
4.1956
4.16141
4.48496
4.75429
4.98087
5.22847
5.47287
5.68862
5.87027
5.69508
5.27523
4.91619
4.62768
4.40691
4.24036
4.14089
4.04146
3.97699
3.94222
4.27555
4.66303
5.00383
5.22231
5.44496
5.64044
5.78683
5.90064
6.02441
6.1786
6.32861
6.44672
6.53286
6.64047
6.7711
6.9073
7.04716
7.1621
7.25961
7.34801
7.42711
7.4986
7.56302
7.62125
7.67353
7.70791
7.73986
7.77663
7.81539
7.8456
7.87808
7.9051
7.91511
7.91209
7.91078
7.92105
7.95271
7.97669
7.99156
7.99423
7.99808
8.00813
8.02886
8.04097
8.04828
8.05502
8.0634
8.06984
8.07863
8.08535
8.09129
8.09508
8.10098
7.69148
7.27026
6.93261
6.6514
6.42706
6.16999
5.93214
5.66539
5.39197
5.28702
5.15357
4.89283
4.72329
4.6151
4.49962
4.37804
4.32488
4.27901
4.23405
4.19561
4.13359
4.05881
4.3265
3.98703
3.72936
3.56227
3.52474
3.46365
3.38782
3.31196
3.2464
3.20225
3.15363
3.1096
3.05869
3.01524
3.47497
3.92058
4.36432
4.75821
5.05233
5.3301
5.57675
5.85494
6.09032
6.45776
6.77693
7.07116
7.33791
7.57529
7.79877
7.95695
8.14041
8.30242
8.44799
8.57916
8.69722
8.80358
8.89926
8.98526
9.04702
9.13355
9.18354
9.24131
9.29318
9.33965
9.38156
9.4193
9.45348
9.48416
9.50624
9.53163
9.121
8.60139
8.08173
7.56207
7.06429
6.66204
6.33432
6.12765
5.89988
5.72391
5.58206
5.46611
5.37536
5.31584
5.24881
5.098
5.00153
4.92357
4.85697
4.80195
4.75071
4.71048
4.69294
4.67309
4.64661
4.6105
4.59879
4.58533
4.56802
4.52008
4.29779
3.87723
3.58073
3.30019
3.21575
3.08065
2.94673
2.83065
2.73383
2.65311
2.60041
2.54697
2.49877
2.46508
2.44152
2.89195
3.31151
3.71431
4.12943
4.5581
4.99319
5.42462
5.18732
5.04062
4.91588
4.88509
4.80658
4.7615
4.71232
4.66569
4.62676
4.59128
4.55809
4.99678
5.45786
5.90829
6.30469
6.65483
6.96566
7.22738
7.41151
7.63933
7.85543
8.0555
8.22722
8.36874
8.49558
8.62022
8.7316
8.81444
8.88484
8.94279
8.99043
9.03167
9.08892
9.12524
9.16479
9.19734
9.22651
9.25586
9.28085
9.30537
9.3249
9.3422
9.36001
9.37218
9.38721
9.39912
9.40947
9.42011
9.43028
9.43664
9.44512
9.45198
9.45816
9.46427
9.46915
9.47432
9.47875
9.48251
9.48537
9.48933
9.49155
9.49432
9.4967
9.49888
9.5009
9.50254
9.50422
9.50561
9.50684
9.50806
9.50864
9.50972
9.51069
9.51136
9.51208
9.51269
9.51239
9.52954
9.53888
9.55047
9.56062
9.52332
9.50095
9.47891
9.4348
9.41255
9.38769
9.31969
9.27796
9.23628
9.20571
9.1663
9.01932
8.92058
8.86401
8.79654
8.75142
8.59724
8.40166
8.25986
8.19166
8.11772
8.04824
7.99494
7.95209
7.91755
7.89031
7.87073
8.0481
8.20255
8.3401
8.46744
8.56703
8.67564
8.75534
8.62427
8.39791
8.31157
8.2519
8.22751
8.20667
8.18066
8.1551
8.30057
8.42511
8.55029
8.658
8.74656
8.84218
8.90849
8.98331
9.04936
9.10912
9.16291
9.21285
9.25722
9.29704
9.33286
9.36518
9.39424
9.42013
9.43844
9.45996
9.47966
9.49584
9.51207
9.52498
9.53689
9.54895
9.55479
9.56557
9.57388
9.58071
9.58811
9.59421
9.59854
9.60438
9.60876
9.61336
9.61695
9.61868
9.62275
9.62661
9.63019
9.6331
9.63493
9.63813
9.64064
9.64284
9.64386
9.64521
9.64663
9.64979
9.65121
9.65181
9.65163
9.6531
9.6538
9.65457
9.65442
9.6362
9.61723
9.6209
9.62451
9.62621
9.6289
