0.002152
0.578383
0.636585
1.11648
1.59645
2.07661
2.5566
3.03691
3.42119
3.90156
4.38194
4.86232
5.3427
5.74753
6.12298
6.60034
6.81401
7.19789
7.37509
7.79384
8.01139
8.31427
8.39985
8.6532
8.7198
8.79913
9.01458
9.0717
9.23452
9.28213
9.35153
9.38544
9.41416
9.4453
9.44434
9.49689
9.52254
9.49908
9.47316
9.45451
9.47621
9.47389
9.4536
9.11882
8.86073
8.69388
8.58486
8.46542
8.3635
8.30664
8.24087
8.17121
8.08572
8.01545
7.9852
7.9321
7.89184
7.85623
7.8101
7.78005
7.76342
7.74642
8.06417
8.24687
8.37267
8.66939
8.75256
8.96856
9.02831
9.08289
9.17133
9.19846
9.30081
9.30805
9.32818
9.35203
9.34446
9.40518
9.41158
9.45016
9.45289
9.45882
9.49118
9.49518
9.47667
8.9552
8.55649
8.25754
7.88472
7.53336
7.20224
6.89631
6.64085
6.43624
6.25656
6.11283
5.89845
5.72798
5.59972
5.43936
5.32417
5.23862
5.17535
5.08614
4.98664
4.92778
4.85585
4.78694
4.70812
4.67079
5.16378
5.40123
5.8469
6.03567
6.52346
6.76419
7.00457
7.45543
7.59238
7.81418
7.90179
8.27495
8.38022
8.6316
8.69603
8.77721
8.93392
8.55748
8.16339
7.84147
7.53853
7.25319
6.72284
6.57251
6.36253
6.16822
5.9883
5.83091
5.68725
5.53583
5.41988
5.33803
5.21106
5.12515
5.00245
4.88102
4.77078
4.72574
4.6346
4.62739
4.61603
4.58502
4.54979
4.51449
4.47207
4.90574
4.83539
4.73536
4.64526
4.56464
4.50596
4.43886
4.36626
4.32208
4.27112
4.32594
4.86271
5.15079
5.41127
5.76977
5.96802
6.11507
6.49265
6.6374
7.12472
7.31027
7.4897
7.54838
7.57269
7.60463
7.94689
8.038
8.14498
8.40984
8.51634
8.63265
8.87435
8.93818
9.0041
8.99337
8.97119
9.04006
9.0609
9.07062
9.02831
8.98777
8.95285
8.93708
8.92193
8.98424
9.00772
8.97701
8.9579
8.9414
9.08515
9.11025
9.15122
9.21506
9.22881
9.32013
9.35022
9.43297
8.91343
8.39382
7.87393
7.50733
7.02981
6.81142
6.3079
6.15346
6.00061
5.82078
5.6518
5.53972
5.43971
5.34297
5.23666
5.16799
5.0919
4.99137
4.87523
4.74813
4.63172
4.5563
4.47617
4.81785
5.37571
5.80459
6.01305
6.17904
6.36229
6.38306
6.49223
6.50714
6.54959
6.85878
6.99082
7.11119
7.58651
7.68694
7.84698
8.07334
8.18481
8.25875
8.57787
8.67091
8.77821
8.93372
9.00369
9.0538
9.2374
9.26974
9.37122
9.39104
9.41846
9.49911
9.51435
9.56318
9.57013
9.57963
9.62973
9.64215
9.65329
9.6984
9.70191
9.71933
9.72297
9.72174
9.20078
8.67995
8.26482
7.64104
7.48237
7.25057
7.04783
6.57812
6.43227
6.26692
6.1064
5.96954
5.84456
5.7424
5.61472
5.52794
5.44246
5.32761
5.20428
5.07854
4.48295
4.24935
4.11321
4.00494
3.85661
3.70996
3.5723
3.44593
3.32453
3.18068
3.02938
2.89085
2.84372
2.7806
2.7236
2.68626
2.65895
2.6455
2.61269
2.59005
2.54884
2.51169
2.48151
2.46072
2.84396
3.32335
3.78636
4.07942
4.30826
4.77662
5.08148
5.57411
5.86067
6.13212
6.39298
6.4972
6.58592
7.16825
7.32171
7.63149
7.69487
7.86894
7.92812
8.23725
8.41115
8.51624
8.59742
8.6198
8.74107
8.7742
8.80311
8.89735
8.92191
9.00968
9.03438
9.15376
9.18569
9.23876
9.28266
9.29293
9.30445
9.38717
9.40217
9.42342
9.46998
9.47511
9.48463
9.50574
9.51027
9.53854
9.53991
9.54452
9.60362
9.60971
9.62856
9.63064
9.65461
9.65188
9.67815
9.67759
9.70008
9.69929
9.70146
9.72974
9.72863
9.74972
9.74688
9.76114
9.75749
9.75433
9.76679
9.76382
9.76292
9.77642
9.77087
9.76805
9.77794
9.77568
9.77214
9.75783
9.74223
9.74032
9.72435
9.70543
9.68653
9.66928
9.64904
9.6247
9.5963
9.57779
9.55804
9.53583
9.50383
9.46306
9.44096
9.42007
9.39462
9.35427
9.31091
9.27565
9.2447
9.23499
9.21655
9.30115
9.33184
9.36823
9.47322
9.49104
9.50724
9.47648
9.46043
9.45495
9.43948
9.41231
9.35689
9.31847
9.27232
9.23633
9.20545
9.18241
9.15915
9.16314
9.15311
9.14858
9.1836
9.17822
9.18788
9.2526
9.2626
9.27813
9.33649
9.34585
9.36147
9.44196
9.48077
9.51071
9.56775
9.58486
9.60095
9.64341
9.64384
9.64551
9.63951
9.63164
9.65125
9.64556
9.62674
9.60769
9.58883
9.5965
9.59135
9.58197
9.59523
9.59146
9.58876
9.60696
9.60232
9.60029
9.6307
9.63049
9.66078
9.65982
9.66101
9.65476
9.64581
9.66745
9.66771
9.66967
9.68411
9.68195
9.68087
9.6823
9.67437
9.66682
9.68793
9.6846
9.6903
9.68091
9.66383
9.64614
9.64965
9.64345
9.62387
9.6063
9.63207
9.63538
9.68229
9.68647
9.69472
9.71418
9.71218
9.71172
9.73739
9.73669
9.73861
9.7376
9.72763
9.7168
9.69454
9.67505
9.6646
9.65253
9.63972
9.66161
9.66173
9.66231
9.64055
9.6213
9.65465
9.65517
9.67465
9.6712
9.67115
9.69891
9.69801
9.69987
9.72737
9.7356
9.75807
9.75779
9.7594
9.74234
9.72707
9.72283
9.71193
9.69929
9.68128
9.65402
9.23743
8.81223
8.50162
8.12557
7.79344
7.16135
6.94465
6.75351
6.53209
6.33066
6.14948
5.97403
5.79681
5.66598
5.56882
5.4243
5.33252
5.23063
5.11948
5.04957
4.97106
4.89053
4.8292
4.78505
4.73589
4.66044
4.57663
4.49802
4.41857
4.35447
4.32004
4.37165
4.37999
4.37398
4.59131
4.61633
4.64343
4.56574
4.46943
4.38533
4.31174
4.25315
4.33358
4.33494
4.3478
4.41265
4.41313
4.42148
4.49169
4.49135
4.88148
5.04665
5.15647
5.65519
5.91473
6.298
6.67494
6.93239
7.31849
7.4627
7.68336
7.8092
7.8809
7.93979
8.2578
8.34159
8.62824
8.70947
8.83912
8.91022
8.95849
9.16624
9.19809
9.31918
9.34311
9.42646
9.44346
9.46101
9.53589
9.54786
9.61048
9.61724
9.63001
9.65339
9.65139
9.68899
9.69155
9.70842
9.70519
9.70349
9.72872
9.72575
9.73638
9.72964
9.72564
9.73519
9.73275
9.7289
9.71883
9.70581
9.70892
9.70207
9.69759
9.68657
9.67295
9.67228
9.66242
9.68518
9.68045
