0.01
0.292472
0.513349
0.897292
1.24659
1.57554
2.05589
2.28574
2.51931
2.87544
3.06285
3.33958
3.45875
3.58602
3.79903
3.88128
4.08517
4.13585
4.2209
4.23873
4.26242
4.32607
4.33781
4.42131
4.43764
4.50233
4.53293
4.55166
4.60005
4.60475
4.62013
4.61631
4.61542
4.63518
4.63939
4.6401
4.69846
4.70056
4.74015
4.74223
4.7712
4.77037
4.79557
4.79404
4.79575
4.80931
4.80928
4.82248
4.81896
4.81868
4.80866
4.80162
4.78642
4.77245
4.76643
4.7556
4.76785
4.7639
4.78031
4.77867
4.77542
4.75255
4.7372
4.71876
4.69851
4.68049
4.66192
4.6879
4.6866
4.68839
4.67359
4.64208
4.6107
4.59207
4.58262
4.54426
4.53781
4.52591
4.5092
4.55185
4.55584
4.60252
4.62267
4.62762
4.5973
4.58158
4.58708
4.54436
4.51381
4.5099
4.50739
4.49886
4.48667
4.54621
4.55555
4.55072
4.53309
4.51789
4.4985
4.45736
4.44607
4.44627
4.43835
4.43134
4.4887
4.50428
4.56047
4.56652
4.58048
4.62209
4.63189
4.64461
4.69503
4.70112
4.7327
4.73681
4.74354
4.76569
4.76308
4.76313
4.75854
4.74161
4.73552
4.72715
4.71473
4.7036
4.72953
4.72335
4.70887
4.69816
4.6818
4.67889
4.6631
4.65834
4.66846
4.66194
4.68908
4.69747
4.69878
4.70685
4.7008
4.69618
4.68497
4.67372
4.69698
4.6946
4.69491
4.69733
4.6887
4.67892
4.66989
4.65725
4.64506
4.67641
4.67615
4.67954
4.71062
4.70462
4.68021
4.62895
4.585
4.59871
4.59348
4.58403
4.59179
4.58612
4.57945
4.63296
4.63508
4.59014
4.56055
4.54095
4.49071
4.48305
4.48255
4.49564
4.48831
4.55653
4.56416
4.61123
4.61743
4.61603
4.57906
4.56541
4.51142
4.51207
4.50861
4.49171
4.52207
4.52606
4.53224
4.58379
4.60369
4.61359
4.61575
4.60698
4.57814
4.55815
4.56963
4.5649
4.56244
4.60846
4.61856
4.62917
4.65025
4.64708
4.67174
4.67186
4.67644
4.69961
4.70656
4.70942
4.74707
4.7484
4.77714
4.77676
4.77959
4.7806
4.76121
4.74768
4.73049
4.71203
4.73385
4.73122
4.72324
4.69723
4.68226
4.66423
4.63002
4.61432
4.60097
4.5873
4.57363
4.54023
4.47974
4.4156
4.35875
4.38505
4.32959
4.33483
4.33788
4.36451
4.36227
4.36033
4.43807
4.43307
4.37387
4.28033
4.18606
4.10597
4.03856
3.99316
3.948
3.91534
3.92816
3.98687
4.00468
4.00263
4.1137
4.13358
4.15756
4.10737
4.06923
4.00492
4.00925
4.02735
4.02461
4.01299
4.13951
4.18775
4.31048
4.33821
4.36227
4.32341
4.29092
4.27886
4.25294
4.25066
4.306
4.31117
4.39344
4.40646
4.43215
4.49416
4.51357
4.53698
4.59836
4.60627
4.65266
4.65665
4.68885
4.70226
4.70889
4.747
4.74771
4.7261
4.7018
4.68321
4.66458
4.64329
4.63773
4.62272
4.6488
4.65114
4.65588
4.6536
4.63551
4.62147
4.60731
4.58294
4.56979
4.5592
4.54703
4.5932
4.59617
4.63959
4.64675
4.65273
4.62816
4.60147
4.58585
4.58631
4.57568
4.56698
4.60458
4.60728
4.61321
4.6341
4.63181
4.63468
4.61715
4.60285
4.58889
4.62917
4.63226
4.66848
4.67083
4.67761
4.70871
4.71509
4.71756
4.74614
4.74501
4.74662
4.77624
4.77565
4.79094
4.79177
4.78929
4.76262
4.73589
4.6796
4.65935
4.65709
4.65398
4.6242
4.57975
4.51503
4.51386
4.50675
4.46939
4.46863
4.46758
4.45632
4.43639
4.39339
4.32789
4.23394
4.14633
4.05887
4.07057
4.11072
4.12425
4.18248
4.20778
4.22162
4.1866
4.13256
4.07773
4.04797
4.07042
4.10148
4.05707
4.04083
4.04969
4.04574
4.03267
4.1572
4.18618
4.22301
4.25089
4.25999
4.27091
4.36158
4.37576
4.34787
4.33933
4.32751
4.40031
4.41258
4.49283
4.50759
4.5579
4.56913
4.58323
4.63084
4.64191
4.66919
4.67248
4.67859
4.71768
4.72064
4.72726
4.76276
4.76312
4.78517
4.78465
4.78681
4.78319
4.77313
4.76476
4.78441
4.78129
4.79195
4.78625
4.78369
4.80328
4.80007
4.79843
4.80281
4.79485
4.78899
4.80869
4.80465
4.81874
4.81507
4.81274
4.82759
4.82274
4.83282
4.828
4.82294
4.83694
4.83301
4.83044
4.84357
4.83842
4.84434
4.83548
4.82565
4.81123
4.79249
4.77324
4.78635
4.78002
4.76809
4.75778
4.74303
4.73174
4.71578
4.68798
4.67366
4.65912
4.66811
4.66123
4.65142
4.62527
4.61231
4.62205
4.61247
4.57356
4.55868
4.54738
4.56888
4.54233
4.50075
4.41797
4.33691
4.27251
4.2672
4.3019
4.31808
4.30817
4.38627
4.40168
4.39327
4.31838
4.24294
4.13142
4.06862
4.00184
3.94775
3.90844
3.95105
4.00197
4.01578
4.00642
4.04573
4.01195
4.0374
4.07007
4.07187
4.07236
4.17229
4.21578
4.20677
4.17425
4.17799
4.17399
4.21793
4.22724
4.24019
4.3133
4.33885
4.36785
4.35947
4.34474
4.33907
4.31505
4.30348
4.34365
4.35988
4.41332
4.42959
4.44916
4.51561
4.54516
4.55802
4.53194
4.51819
4.49617
4.48037
4.46331
4.50857
4.52986
4.54104
4.60344
4.61122
4.62519
4.60636
4.58743
4.58756
4.57764
4.57353
4.60705
4.60771
4.61101
4.64991
4.65794
4.66688
4.66264
4.65445
4.64428
4.64
4.63207
4.62395
4.66243
4.66487
4.67119
4.71447
4.71713
4.70942
4.69818
4.69104
4.68754
4.68057
4.6978
4.69691
4.69812
4.72828
4.72687
4.72948
4.72822
4.71844
4.73519
4.72984
4.73611
4.7298
4.72633
4.75526
4.75506
4.7739
4.77189
4.77279
4.78114
4.77413
4.76969
4.77465
4.77066
4.78335
4.78465
4.78271
4.79511
4.79166
4.79077
4.80275
4.79626
4.79966
4.79122
4.80566
4.80047
4.79793
4.81784
4.81492
4.82095
4.81314
4.82232
4.81672
4.81363
4.82506
4.81906
4.81562
4.8316
4.82711
4.83378
4.82961
4.82404
4.83401
4.82693
4.83017
4.82166
4.83378
4.8289
4.82512
4.83248
4.82503
4.82977
4.82337
4.81634
4.81651
4.80889
4.82104
4.81513
4.82674
4.8262
4.82275
4.80759
4.79417
4.78156
4.75733
4.73886
4.74042
4.73142
4.7238
4.75266
4.75148
4.7254
4.70671
4.70918
4.69786
4.67
4.65549
4.64584
4.62874
4.64293
4.64676
4.63675
4.62629
4.64085
4.63981
4.63621
4.59661
4.56573
4.55885
4.55172
4.54289
4.53081
4.54334
4.54398
4.57963
4.58584
4.57914
4.53915
4.49775
4.49371
4.48772
4.50449
4.50378
4.4997
4.54415
4.55243
4.56528
4.60713
4.61301
4.62456
4.64447
4.64975
4.65097
4.70202
4.70411
4.74692
4.74734
4.76424
4.76521
4.7632
4.74497
4.71897
4.70304
4.68559
4.66424
4.67171
4.66417
4.6999
4.69422
4.65681
4.6283
4.5855
4.5837
4.57622
4.56067
4.53898
4.5218
4.50456
4.56026
4.56471
4.5387
4.49531
4.49147
4.4881
4.47678
4.52031
4.53634
4.51114
4.49357
4.47754
4.50791
4.49389
4.50426
4.51807
4.51618
4.55726
4.56654
4.57828
4.59782
4.59379
4.62019
4.61853
4.61833
4.64158
4.64014
4.64041
4.6956
4.69753
4.73318
4.73386
4.75749
4.7555
4.75664
4.78243
4.78166
4.78376
4.80676
4.80951
4.8217
4.81716
4.8111
4.80015
4.8078
4.79924
4.79574
4.79861
4.79001
4.80516
4.80132
4.80857
4.805
4.80037
4.79666
4.78549
4.76267
4.74405
4.74888
4.74238
4.76024
4.76328
4.76237
4.75378
4.74471
4.73185
4.73723
4.72883
4.72654
4.73395
4.72632
4.7502
4.74827
4.75928
4.75419
4.75144
4.7608
4.75078
4.74621
4.73493
4.75348
4.75409
4.77429
4.77779
4.77653
4.78332
4.77764
4.78996
4.7825
4.78116
4.77124
4.76314
4.7856
4.7826
4.78882
4.78322
4.77671
4.79056
4.78784
4.78561
4.77849
4.76687
4.7813
4.77643
4.79681
4.79381
4.7931
4.80688
4.80108
4.79795
4.77685
4.76164
4.74703
4.76542
4.76201
4.76141
4.76976
4.76295
4.77646
4.77359
4.7727
4.75041
4.7364
4.74793
4.74493
4.74013
4.74828
4.74496
4.74009
4.75885
4.76185
4.76163
4.74325
4.72496
4.70621
4.73052
4.72745
4.74763
4.74451
4.76961
4.76834
4.76897
4.77694
4.76992
4.78778
4.78387
4.78273
4.7933
4.78913
4.78706
4.80877
4.80632
4.80596
4.79885
4.78706
4.77701
4.79391
4.78941
4.78897
4.77991
4.77272
4.78117
4.77778
4.77177
4.75514
4.73671
4.71775
4.72587
4.71834
4.7124
4.70895
4.6997
4.71754
4.71724
4.73385
4.72994
4.72866
4.75515
4.75274
4.72963
4.71127
4.7156
4.71082
4.70742
4.72697
4.72382
4.72349
4.74923
4.75667
4.76427
4.76023
4.75937
4.75035
4.74289
4.77017
4.76812
4.78453
4.78124
4.78116
4.80508
4.80157
4.81678
4.81109
4.82466
4.82002
4.81836
4.83545
4.82985
4.84042
4.83584
4.83304
4.81073
4.79193
4.77284
4.78147
4.77929
4.77488
4.78348
4.77817
4.77493
4.76562
4.753
4.72825
4.71424
4.69618
4.71603
4.71191
4.7118
4.703
4.72614
4.7235
4.72216
4.69679
4.6791
4.67013
4.65861
4.6477
4.68803
4.68613
4.69493
4.70442
4.69662
4.67647
4.63538
4.62541
4.61617
4.59484
4.57678
4.55211
4.51241
4.50435
4.4909
4.47054
4.41813
4.39971
4.393
4.41992
4.4176
4.37349
4.30803
4.22262
4.14935
4.05418
4.03435
4.0812
4.10171
4.16143
4.17329
4.1808
4.12547
4.04568
3.94972
3.88112
3.81012
3.75911
3.7254
3.70506
3.67485
3.6549
3.63017
3.60566
3.59754
3.66006
3.68332
3.78807
3.806
3.8327
4.00426
4.03952
4.0647
4.06626
4.07508
4.07128
4.07431
4.07274
4.17862
4.19863
4.22963
4.34101
4.36813
4.40094
4.40103
4.38735
4.38546
4.40602
4.39187
4.40428
4.40211
4.39949
4.47729
4.49044
4.55844
4.56982
4.58245
4.60609
4.60976
4.61877
4.61532
4.61354
4.65901
4.66229
4.66967
4.70593
4.71092
4.71879
4.7357
4.73733
4.736
4.75176
4.74721
4.7694
4.76699
4.78979
4.78813
4.7886
4.79682
4.79127
4.78798
4.80607
4.80162
4.81835
4.81446
4.81328
4.8261
4.82577
4.82407
4.82234
4.81405
4.80567
4.80161
4.79106
4.80018
4.79692
4.79317
4.81353
4.81024
4.80925
4.80123
4.79317
4.78878
4.77825
4.76947
4.78881
4.78535
4.8025
4.80465
4.80315
4.80099
4.79078
4.7826
4.7775
4.76936
