0.002152
0.0695681
0.136661
0.189121
0.253584
0.319899
0.381291
0.446552
0.504916
0.568852
0.624569
0.687019
0.740309
0.785641
0.85279
0.896462
0.961111
1.00314
1.05885
1.10574
1.15886
1.20314
1.25409
1.29652
1.33266
1.38029
1.42066
1.46517
1.51421
1.54571
1.58267
1.61264
1.65109
1.68528
1.7212
1.75347
1.78691
1.81772
1.84821
1.87627
1.90535
1.92857
1.95758
1.9793
1.9985
2.02693
2.04419
2.43607
2.91397
3.39556
3.87577
4.35642
4.83694
5.27442
5.66808
6.02001
6.27388
6.63149
6.83789
7.07579
7.28946
7.48159
7.65446
7.81007
7.95014
8.05094
8.16693
8.27131
8.36328
8.4463
8.52281
8.5917
8.64149
8.69781
8.57851
8.46056
8.37262
8.3009
8.25552
8.19138
8.14404
8.08507
8.0374
8.05649
8.07323
8.11271
8.13494
8.14664
8.15458
8.17428
8.16271
8.16464
8.19127
8.20367
8.21396
8.21356
8.21888
8.22417
8.24385
8.25496
8.26326
8.27107
8.27834
8.2848
8.28942
8.29476
8.29942
8.30274
8.30501
8.30133
8.3075
8.31139
8.3134
8.31446
8.31571
8.31255
8.31796
8.32103
8.32156
8.32362
8.32445
8.32542
8.32699
8.32653
8.32636
7.80485
7.28687
6.7673
6.40754
6.02361
5.69229
5.41489
5.20697
5.0529
4.96411
4.87241
4.7961
4.73078
4.67701
4.66159
5.14073
5.54766
5.89674
6.21814
6.51401
6.81498
7.10379
7.34682
7.51206
7.69233
7.84873
7.75849
7.70277
7.69012
7.67421
7.65465
7.82906
7.9528
8.09845
8.24974
8.34611
8.45511
8.55041
8.63557
8.71278
8.19322
7.6738
7.15396
6.67882
6.29527
6.04636
5.64433
5.46337
5.30325
5.17238
5.06121
4.9732
4.81863
4.70944
4.60236
4.5437
4.46852
4.4378
4.40251
4.3712
4.34478
4.29751
4.22765
4.16122
4.21322
4.31403
4.31793
4.38883
4.45223
4.50303
4.53835
4.56086
4.58115
4.57847
4.54585
4.48406
4.45106
4.42371
4.40881
4.40308
4.40326
4.40756
4.41488
4.47848
4.58216
4.64014
4.66601
4.66152
4.64394
4.61567
4.64583
4.68522
4.70885
4.72346
4.73236
4.73936
4.74547
4.73879
4.7192
4.71729
4.72803
4.73482
4.75431
4.76543
4.77105
4.77465
4.7774
4.77976
4.78164
4.78338
4.78503
4.78625
4.78783
4.78909
5.2695
5.71669
6.03867
6.40602
6.72719
7.02144
7.30175
7.54692
7.76866
7.9663
8.12715
8.26239
8.36184
8.49084
8.62563
8.74052
8.83332
8.91352
8.96819
9.06519
9.1206
9.18197
9.23448
9.28345
8.76356
8.24475
7.72525
7.29021
7.00917
6.64167
6.46598
6.28002
6.12989
6.01325
5.91943
5.84257
5.69396
5.57811
5.3365
5.18876
5.0898
4.97933
4.74105
4.57919
4.48562
4.41964
4.2808
4.24541
4.20638
4.15777
4.13091
4.07265
4.00351
3.91406
3.82623
3.75571
3.77407
3.81082
3.82977
3.82507
3.81033
3.79292
3.77442
3.75026
3.70879
3.64238
3.6066
3.60698
3.63171
3.64104
3.58077
3.57563
3.59154
3.59713
3.59593
3.59262
3.58659
3.58052
3.57438
3.56261
3.55959
3.55678
3.55359
3.55033
3.54698
3.54092
3.5311
3.53213
3.53309
3.53308
3.53209
3.53113
3.52963
3.52846
3.52743
3.52641
3.52547
3.52461
3.52381
3.52303
3.52228
3.52177
3.9061
4.3865
4.86689
5.34727
5.78388
6.09824
6.46604
6.79793
7.09576
7.357
7.5929
7.80504
7.99572
8.16736
8.29092
8.43287
8.56388
8.67886
8.78228
8.87538
8.94241
8.54346
8.02385
7.50423
7.0165
6.62271
6.30442
6.0476
5.83787
5.67381
5.56779
5.45523
5.35851
5.28376
5.2275
5.20729
5.60264
5.37526
5.25391
5.15678
5.07377
5.00564
4.94256
4.89493
4.87196
4.84268
4.79236
4.77969
4.76834
4.75152
4.73476
4.50626
4.16863
3.86851
3.5016
3.2557
3.17901
3.0628
2.92736
2.81373
2.73691
2.65417
2.59049
2.53697
2.49643
2.46188
2.42595
2.5383
2.59902
2.70641
2.82267
2.95084
3.02649
3.11393
3.23392
3.3597
3.45743
3.52656
3.5771
3.62632
3.66767
3.69059
3.70929
3.69465
3.74416
3.79108
3.82065
3.84921
3.86651
3.86275
3.83245
3.85758
3.89395
3.91975
3.93114
3.94278
3.95173
3.95905
3.96549
3.97108
3.96929
3.96122
3.96261
3.96235
3.9776
3.98635
3.99243
3.9964
3.99953
4.0023
4.00386
4.00555
4.00657
4.00244
3.99748
3.99976
4.38576
4.8293
5.23554
5.60014
5.92715
6.22085
6.43122
6.66854
6.88584
7.08409
7.2601
7.42196
7.56634
7.69521
7.80875
7.89164
7.99075
8.07834
8.1747
8.22978
8.29127
8.34603
8.39779
8.44326
8.48563
8.52292
8.55507
8.57848
8.60717
8.63138
8.65485
8.67554
8.69352
8.7096
8.72181
8.73538
8.7482
8.75951
8.76935
8.77841
8.78669
8.79382
8.80062
8.80549
8.81098
8.81589
8.8204
8.82428
8.82801
8.83128
8.92045
9.00082
9.05865
9.1261
9.18594
9.23959
9.28792
9.33155
9.37764
9.40554
9.43731
9.46512
9.48564
9.50928
9.54959
9.46611
9.42086
9.35543
9.24913
9.19524
9.13924
9.087
9.04614
9.00434
8.9034
8.84366
8.79663
8.76219
8.72026
8.61645
8.46922
8.36984
8.3103
8.25488
8.21699
8.1686
8.1429
8.11704
8.09758
8.26443
8.41087
8.53978
8.65841
8.76831
8.86732
8.95595
8.91185
8.74837
8.54421
8.45517
8.40608
8.36751
8.3343
8.29126
8.27618
8.36375
8.45451
8.54151
8.6171
8.68187
8.75198
8.81081
8.86253
8.91311
8.95442
8.99372
9.02147
9.05328
9.08183
9.10821
9.13193
9.15274
9.17103
9.18748
9.19983
9.2166
9.2274
9.23645
9.24568
9.25464
9.26341
9.26812
9.27597
9.28219
9.28667
9.29183
9.29601
9.2975
9.30225
9.30525
9.30933
9.31103
9.31212
9.31516
9.31773
9.31956
9.32134
9.32253
9.32365
9.32556
9.32677
9.32806
9.32863
9.32839
9.36502
9.39747
9.42663
9.45208
9.47523
9.49628
9.51207
9.52993
9.54489
9.55807
9.56977
9.58248
9.59211
9.60136
9.60826
