0.002152
0.0188756
0.0388007
0.0610147
0.0799492
0.103687
0.120482
0.137801
0.163804
0.179957
0.207031
0.221995
0.249653
0.263413
0.280194
0.309037
0.321785
0.351044
0.362431
0.39194
0.407795
0.418279
0.442182
0.457838
0.487364
0.496145
0.525306
0.53362
0.56229
0.58366
0.597663
0.611464
0.618792
0.645538
0.652961
0.678653
0.685955
0.698751
0.717638
0.729931
0.752628
0.759747
0.781367
0.788454
0.80874
0.819243
0.825844
0.844606
0.850851
0.86864
0.874869
0.883981
0.897897
0.9132
0.921379
0.933307
0.940967
0.946267
0.959241
0.964368
0.971153
0.982711
0.987581
0.998138
1.0028
1.01239
0.990307
0.973619
0.959803
0.940706
0.929503
0.913274
0.905369
0.889665
0.885505
0.868278
0.862894
0.855781
0.855476
0.846766
0.843249
0.841934
0.83504
0.834406
0.828727
0.828235
0.823569
0.82319
0.821392
0.817731
0.817304
0.81431
0.814609
0.813477
0.810714
0.809495
0.809766
0.809018
0.80773
0.807145
0.805618
0.806056
0.804769
0.805169
0.804087
0.804447
0.804126
0.803681
0.802941
0.802738
0.802843
0.802294
0.802561
0.802101
0.802333
1.28219
1.7626
2.24258
2.62673
3.10722
3.58702
4.1617
4.54518
5.02551
5.49971
5.92689
6.31109
6.65669
6.96766
7.19149
7.44894
7.68067
7.88916
8.07689
8.21204
8.36547
8.53166
8.6306
8.74429
8.84673
8.79067
8.70466
8.62785
8.57723
8.51583
8.46236
8.40513
8.33724
8.2668
8.21175
8.15187
8.12868
8.11592
8.08761
8.06048
8.03619
8.19897
8.32821
8.43432
8.57571
8.68676
8.78996
8.88026
8.83373
8.81402
8.793
8.77184
8.75211
8.85325
8.94458
9.01034
9.08504
9.16671
9.21306
9.26479
9.3122
9.35659
9.39758
9.42474
9.45672
9.49025
9.51346
9.53836
9.32258
9.12291
9.05114
8.95939
8.86807
8.77546
8.43978
8.03566
7.6812
7.30249
6.9482
6.68705
6.31401
5.98958
5.73742
5.50336
5.28437
5.12338
4.93454
4.74996
4.56959
4.43308
4.32771
4.19977
4.1253
4.05151
3.97827
3.90891
3.85852
3.79878
3.74575
3.69786
3.65382
3.60225
3.55229
3.52891
3.51343
3.46148
3.45327
3.94033
4.42429
4.90774
5.38969
5.79997
6.16688
6.49229
6.79268
7.06077
7.24672
7.47347
7.67644
7.8573
8.01869
8.13552
8.27043
7.90266
7.56864
7.27613
7.02004
6.78958
6.58078
6.38866
6.19454
5.99562
5.88995
5.75325
5.6003
5.47337
5.37236
5.26335
5.13125
5.06574
4.98504
4.90872
4.72812
4.53514
4.38989
4.25893
4.18448
4.03016
3.9621
3.90017
3.83121
3.76166
3.71052
3.65013
3.59507
3.50243
3.42681
3.3222
3.24058
3.21762
3.19587
3.17422
3.15699
3.18633
3.699
4.11216
4.5898
5.04777
5.47077
5.81481
6.16123
6.47262
6.74063
6.93045
7.16753
7.4183
7.63908
7.80823
7.95006
8.07935
8.20391
8.34213
8.46163
8.54235
8.63665
8.72108
8.79877
8.86739
8.92552
8.97225
9.013
9.05096
9.10425
9.13588
9.16682
9.09927
9.00555
8.92116
8.88902
8.85138
8.80903
8.77153
8.72516
8.69706
8.68095
8.66054
8.6383
8.72054
8.37554
8.1299
7.85616
7.61849
7.39943
7.2074
7.03193
6.8774
6.74009
6.61095
6.519
6.3893
6.23743
6.01008
5.84217
5.76626
5.67752
5.4941
5.32522
5.25911
5.20566
5.1346
5.10993
5.0767
5.02452
4.95084
4.80066
4.58214
4.34768
4.19171
4.08169
4.02503
3.94072
3.84827
3.75664
3.67079
3.58425
3.49244
3.4004
3.34034
3.30509
3.29186
3.27979
3.19527
3.17789
3.16819
3.15397
3.1365
3.11765
3.09392
3.07913
3.56044
3.9449
4.51215
4.99357
5.35491
5.85563
6.14167
6.39813
6.68953
6.85979
7.0526
7.22569
7.38174
7.52218
7.64851
7.76245
7.86491
7.95711
8.02349
8.10093
8.16913
8.2319
8.2876
8.33757
8.38244
8.42263
8.45892
8.48504
8.51583
8.54295
8.56785
8.58973
8.60944
8.62718
8.64315
8.65735
8.3649
7.95451
7.65818
7.43408
7.18847
6.96705
6.81563
6.64001
6.47727
6.33382
6.10758
6.00946
5.91725
5.82894
5.71173
5.62065
5.55305
5.46455
5.36225
5.29143
5.22816
5.1248
4.9293
4.68886
4.45066
4.17333
4.02201
3.93699
3.79091
3.64319
3.50571
3.38161
3.27243
3.15112
3.01602
2.90252
2.80773
2.75894
2.70409
2.67224
2.63542
2.65286
2.65
2.62892
2.60716
2.58516
2.55986
2.53788
2.51089
2.48843
2.47206
2.4488
2.81871
3.24435
3.69475
4.19183
4.66956
5.01169
5.38563
5.74386
5.9652
6.31354
6.5281
6.7616
6.96377
7.1317
7.26892
7.36919
7.50423
7.64601
7.76442
7.8653
7.94739
8.03822
8.12837
8.20675
8.28084
8.33256
8.39816
8.43688
8.48505
8.53508
8.56808
8.60366
8.63288
8.65819
8.68403
8.70647
8.72939
8.74486
8.76511
8.77422
8.7916
8.80213
8.81489
8.82485
8.83311
8.84179
8.85021
8.85642
8.86357
8.86846
8.87343
8.87901
8.88269
8.88639
8.89029
8.89356
8.89633
8.89852
8.90105
8.90318
8.90533
8.90711
8.90872
8.91022
8.91136
8.91265
8.91377
8.91465
8.91546
8.9163
8.91663
8.99948
9.05894
9.12717
9.18876
9.25522
9.29331
9.3384
9.37806
9.40679
9.44101
9.46542
9.49392
9.51761
9.49045
9.45915
9.42794
9.37177
9.3242
9.27746
9.23718
9.20384
9.1475
9.09118
9.05886
9.02373
8.95901
8.82979
8.69221
8.58752
8.49124
8.45878
8.40672
8.35875
