0.006076
0.233847
0.461397
0.659818
0.858932
1.04376
1.2224
1.39087
1.51932
1.67466
1.82108
2.30122
2.78141
3.26175
3.74213
4.22252
4.70289
5.18327
5.6614
6.0416
6.52062
7.00008
7.48139
7.96204
8.44246
8.82397
9.30171
9.78187
10.2623
10.7427
11.2231
11.7035
12.1838
12.6638
12.1402
11.7221
11.2023
10.6827
10.1576
9.62938
9.10808
8.58932
8.06985
8.05036
8.42206
8.58877
8.52415
8.46596
8.40944
8.86591
9.33495
9.43512
9.53868
9.61847
9.69527
9.77693
9.84774
9.9175
9.98298
10.0427
10.1162
10.5978
10.9821
11.4624
11.9427
12.4225
12.902
13.3784
12.8514
12.4278
11.9022
11.3815
10.8599
10.3396
9.81856
9.29874
8.77855
8.25839
7.73833
7.21772
7.19719
7.67342
8.15468
8.5392
9.0168
8.47169
7.90877
7.33781
6.78208
6.24044
5.73227
5.2233
4.70381
4.18421
3.76421
3.23854
3.21925
3.69243
4.14319
4.62487
5.01635
5.50055
5.98285
6.46367
6.94258
7.4011
7.72314
8.03424
8.23272
8.53206
8.77844
9.07064
9.3454
9.60325
9.84192
10.0782
10.5581
10.0379
9.51832
8.9986
8.58296
7.95919
7.54342
7.0233
6.50318
5.97506
5.45674
4.93838
4.41898
4.40327
4.88297
4.85106
4.83217
4.81522
4.79419
4.76559
4.74888
4.73145
4.71647
4.68636
4.64601
4.59465
4.56494
5.03402
5.47713
5.94426
6.44125
6.93222
7.38857
6.93872
6.34917
5.7427
5.14569
4.56164
3.99493
3.45606
3.43759
3.79827
4.3314
4.46739
4.6727
4.89216
5.07857
5.2381
5.38919
5.52244
5.64355
5.78327
5.91295
6.39366
6.86759
7.32435
7.77386
8.22552
8.69483
9.08656
9.56693
10.0471
10.5275
11.0074
11.4875
10.9546
10.4156
9.88513
9.36633
9.35178
9.72351
10.1109
10.0632
10.4162
10.8808
11.2762
11.741
11.2134
10.7975
10.2763
9.75536
9.23313
8.71405
8.19457
7.77878
7.15479
6.63501
6.21944
5.59596
5.18028
5.16066
5.64092
6.1213
6.15415
6.12798
6.1522
6.11503
6.07832
6.06856
6.02706
5.98539
5.95252
5.93307
5.96484
6.01804
6.06209
6.07353
6.06335
5.47206
