0.006076
0.0265798
0.0430367
0.0651978
0.0844127
0.107195
0.125354
0.150072
0.167159
0.192997
0.208942
0.225802
0.25085
0.267574
0.295105
0.30821
0.336501
0.348605
0.377481
0.388674
0.417721
0.427976
0.456833
0.466355
0.481753
0.504663
0.519696
0.547891
0.556417
0.584124
0.605144
0.618805
0.626703
0.652742
0.665839
0.67336
0.697842
0.705252
0.728578
0.735908
0.757999
0.76528
0.786336
0.793573
0.813349
0.820523
0.839007
0.848845
0.855951
0.872664
0.879673
0.895149
0.90202
0.916298
0.923
0.936134
0.942628
0.949967
0.961407
0.967408
0.977857
0.98358
0.993496
0.998895
1.00778
1.01256
0.996615
0.97873
1.4575
1.93878
2.41369
2.89507
3.37398
3.85523
4.33493
4.8159
5.18423
5.60746
6.01722
6.38564
6.7154
6.98509
7.2286
7.89447
8.03749
8.1701
8.3222
8.4573
8.57947
8.70127
8.80856
8.90563
8.95668
8.90133
8.84159
8.79137
8.70104
8.62605
8.56288
8.50481
8.4529
8.3951
8.35685
8.26406
8.15042
8.08286
8.02376
7.99826
7.96443
7.92365
7.89526
7.85973
7.80819
7.77525
7.92817
8.12035
8.1891
8.26029
8.31646
8.39036
8.4556
8.51047
8.63427
8.72314
8.84805
8.94196
9.0095
9.08604
9.14465
9.19559
9.23588
9.2673
9.29044
9.31356
9.31678
9.3195
9.3231
9.34103
9.35334
9.15605
8.97407
8.88096
8.80417
8.72584
8.66326
8.25591
7.87016
7.53191
7.23873
6.88335
6.55817
6.26582
6.03599
5.85641
5.68943
5.52818
5.37993
5.23657
5.1206
4.99149
4.89951
4.78728
4.73611
4.68161
4.62331
4.56697
4.51521
4.46831
4.42599
4.37266
4.3182
4.2833
4.27314
4.2265
4.2199
4.71061
5.14519
5.5333
5.88104
6.23552
6.48716
6.8409
7.02528
7.24392
7.43858
7.65142
7.84069
8.00848
8.16042
8.27452
8.0082
7.66542
7.3642
7.09298
6.84984
6.63098
6.43309
6.21209
6.03293
5.92027
5.75582
5.63538
5.50062
5.39649
5.2854
5.1514
5.0661
4.98696
4.91155
4.79468
4.58693
4.38838
4.24631
4.17236
4.01724
3.95042
3.88771
3.81771
3.74792
3.68208
3.62213
3.56765
3.51075
3.42037
3.31748
3.22661
3.19928
3.17762
3.15607
3.13462
3.16297
3.67751
3.94892
4.16343
4.30493
4.46489
4.64701
5.10731
5.37744
5.73555
5.70874
5.69359
5.7249
6.02852
6.28512
6.46107
6.65772
6.82356
6.97967
7.06723
7.17727
7.26615
7.50389
7.67589
7.91237
8.04939
8.20726
8.34951
8.48867
8.60177
8.6996
8.71736
8.73525
8.75827
8.81355
8.86476
8.81101
8.77813
8.7597
8.83577
8.88103
8.90491
8.93397
8.93295
8.93344
8.92916
8.97154
9.01002
8.63359
8.31689
8.09095
7.77439
7.59118
7.37734
7.18391
7.01332
6.86144
6.72113
6.5962
6.45279
6.2915
6.1473
5.98331
5.80419
5.69781
5.48523
5.35374
5.3184
5.26806
5.19918
5.17543
5.14862
5.09436
5.02266
4.82465
4.64505
4.40274
4.20529
4.099
4.03935
3.95719
3.86271
3.77055
3.68561
3.59317
3.50414
3.40703
3.36638
3.33504
3.31455
3.28712
3.20453
3.18158
3.17155
3.15729
3.14422
3.12502
3.10504
3.08677
3.5674
4.04801
4.51949
4.9726
5.38118
5.75955
6.09887
6.40249
6.63507
6.90343
7.1389
7.39279
7.6257
7.8353
8.02112
8.18852
8.33912
8.48476
8.58948
8.70188
8.80053
8.89226
8.97462
9.0504
9.11839
9.17964
9.22915
9.265
9.3061
9.35159
9.39363
8.96287
8.5765
8.22873
7.91575
7.6336
7.42971
7.16818
6.93832
6.72564
6.53859
6.36836
6.21727
6.10515
5.9746
5.81518
5.71456
5.64752
5.59768
5.50862
5.42771
5.38029
5.30994
5.21283
5.14905
5.09775
5.04377
4.89213
4.65076
4.37188
4.09189
3.8543
3.76809
3.69997
3.57928
3.45432
3.33867
3.23379
3.13921
3.04002
2.91811
2.78764
2.71598
2.67436
2.64479
2.61066
2.60276
2.5947
2.59387
2.58121
2.57293
2.54299
2.52562
2.50762
2.4886
2.46638
2.45122
2.92793
3.33088
3.5993
3.98947
4.27641
4.59952
4.87743
5.23044
5.46339
5.73804
6.003
6.23146
6.42695
6.74482
7.01684
7.24945
7.33226
7.423
7.51695
7.74487
7.94716
8.06387
8.13747
8.17545
8.2119
8.34258
8.45372
8.54909
8.60063
8.65351
8.70105
8.79404
8.85979
8.93207
8.9777
9.02082
9.05663
9.11326
9.16317
9.20603
9.22585
9.24592
9.26369
9.30007
9.32497
9.35435
9.37984
9.40149
9.42229
9.45027
9.47494
9.4976
9.51478
9.53
9.5413
9.55601
9.5696
9.585
9.59916
9.61217
9.6245
9.63559
