0.002152
0.482313
0.825908
1.29601
1.77612
2.25622
2.73631
3.21669
3.69707
4.17746
4.56176
5.13822
5.52252
6.00015
6.47675
6.95603
7.43456
7.91691
8.39777
8.87808
9.35609
9.8336
10.3137
10.6984
11.1785
11.6587
12.1391
12.6195
12.2023
11.6804
11.3758
11.1381
10.6675
10.1693
9.73822
9.57301
9.45149
9.31136
9.16648
9.02339
8.88296
8.78662
8.66925
8.57366
8.51277
8.44974
8.39369
8.34709
8.29017
8.2169
8.18875
8.16412
8.13166
8.09953
8.56985
9.0385
9.52561
10.0079
10.3922
10.8725
11.3529
11.7689
12.1321
12.4675
12.7704
12.2423
11.7702
11.3372
11.0202
10.6394
10.2983
9.98769
9.70166
9.43758
9.19597
8.9738
8.81165
8.62004
8.44885
8.29273
8.1283
7.95458
7.78243
7.20091
6.7917
6.48511
6.14884
5.87479
5.59834
5.34393
5.07084
4.94914
4.675
4.55589
4.36541
4.25347
4.1144
3.98948
3.8748
3.76989
3.6733
3.59768
3.49674
3.41153
3.36009
3.27649
3.24054
3.23551
3.81456
4.20106
4.58679
5.06838
5.54961
6.02977
6.50104
6.98215
7.36502
7.8364
8.3202
8.80181
9.2816
9.76012
10.2397
9.72027
9.20067
8.78442
8.16088
7.9263
7.61722
7.08761
6.60014
6.4426
6.24819
6.0819
5.96255
5.81428
5.67206
5.56162
5.45585
5.35755
5.23007
5.11223
5.021
4.96288
4.86612
4.84523
4.82946
4.79382
4.76176
4.71226
4.65281
4.59716
5.00684
5.30375
5.21017
5.12235
5.0556
4.97597
4.90011
4.81357
4.75842
4.69219
4.62886
4.57077
5.0568
5.49278
6.01376
6.4715
6.89431
7.28482
7.6363
7.94458
8.15633
8.15686
8.29926
8.75969
9.24502
9.73037
10.2026
10.5871
11.0681
11.5442
11.1272
10.9841
10.8324
10.7018
10.5689
10.4384
10.344
10.2371
10.1317
10.0693
10.0098
9.92562
9.8755
9.83426
9.78247
9.73689
9.21459
8.93498
8.58629
8.27762
7.9904
7.78038
7.3678
7.15368
6.96802
6.85414
6.715
6.58176
6.46169
6.10091
5.94998
5.80302
5.64077
5.49998
5.41739
5.33593
5.21205
5.1466
5.07641
5.00123
4.89937
4.78384
4.66096
4.55343
4.48654
4.81836
5.27596
5.80198
6.32096
6.77656
7.21749
7.14345
7.07531
6.9964
6.94184
7.37785
7.75526
8.22624
8.63394
9.00763
9.48598
9.96421
10.3494
10.8299
11.3101
11.7905
12.2709
12.6551
13.1349
13.6147
13.0945
12.5747
12.055
11.5352
11.0155
10.4959
9.97628
9.59337
9.13585
8.72784
8.34992
8.00569
7.68893
7.39806
7.18155
6.92646
6.69519
6.48242
6.29771
6.12174
5.99145
5.78808
5.69393
5.57526
5.46531
5.35882
5.25725
5.1786
5.10389
5.08274
5.03521
5.02737
5.01638
4.99824
4.94703
4.86942
4.76991
4.6924
4.60517
4.64536
4.74113
4.79369
4.82245
4.80937
4.78228
4.74746
4.69708
4.67825
4.66123
4.59019
4.53264
4.52724
4.58496
4.60137
4.58752
4.52807
4.52182
4.52707
4.52295
4.51445
4.98775
5.43185
5.77868
6.2366
6.73301
7.22921
7.80886
8.17996
8.63274
9.08972
9.55939
10.0466
10.5224
10.8993
11.4687
11.8512
12.3275
12.7999
13.274
13.7493
14.2251
14.7012
15.1779
15.5578
16.0309
16.5045
16.9784
17.4536
17.9304
18.4068
18.8831
19.3601
18.8378
18.4209
17.9005
17.2762
16.909
16.4622
15.9831
15.6971
15.3571
15.0361
14.7608
14.5487
14.2981
14.0313
13.8726
13.6802
13.1567
12.8628
12.5689
12.3577
11.8791
11.2477
10.907
10.7076
10.5704
10.4036
10.2635
10.1317
10.0251
9.86883
9.77673
9.67762
9.60605
9.52631
9.47782
9.41904
9.36504
9.31788
9.27196
9.22473
9.18493
9.15244
9.13749
9.71033
9.909
9.85153
9.78712
9.71916
9.66775
9.6029
9.53921
9.48131
9.42618
9.37783
9.84545
10.2338
10.7152
11.1952
11.6735
12.1529
