0
0.0344829
0.0503233
0.0692455
0.0907927
0.109036
0.13172
0.149203
0.165628
0.190097
0.206467
0.231775
0.247092
0.273093
0.289186
0.313312
0.329218
0.342038
0.366042
0.381811
0.409239
0.420664
0.448104
0.463135
0.485625
0.500307
0.510187
0.532242
0.54669
0.573189
0.582056
0.607908
0.616468
0.64155
0.64982
0.674001
0.686534
0.694427
0.717099
0.724845
0.74664
0.754276
0.774913
0.782581
0.801617
0.80919
0.827004
0.834497
0.844268
0.858728
0.87412
0.882934
0.890361
0.904289
0.912409
0.919417
0.932076
0.93879
0.950034
0.956904
0.963645
0.973884
0.983235
0.989199
0.995317
1.00352
1.00928
1.38944
1.72988
2.04442
2.26383
2.51437
2.74538
2.95391
3.13972
3.30632
3.45644
3.5914
3.7128
3.82199
3.92022
3.99094
4.08991
4.14679
4.22426
4.27004
4.32345
4.37179
4.41494
4.44647
4.48305
4.51522
4.54989
4.5753
4.59359
4.61459
4.6335
4.65053
4.66893
4.67958
4.69202
4.70322
4.71329
4.72234
4.73049
4.73577
4.74295
4.74772
4.75353
4.75818
4.76316
4.7667
4.77053
4.7739
4.7775
4.77891
4.77675
4.77559
4.77931
4.78331
4.78468
4.78783
4.79029
4.792
4.79331
4.79444
4.78507
4.76396
4.75264
4.76433
4.78265
4.76407
4.77818
4.78762
4.79211
4.7945
4.79565
4.79685
4.7926
4.7839
4.78763
4.79292
4.76081
4.75405
4.77481
4.78604
4.79058
4.79312
4.79453
4.79293
4.77846
4.78383
4.78471
4.76028
4.7747
4.78729
4.79167
4.79469
4.79607
4.79615
4.79724
4.79809
4.79861
4.79911
4.7996
4.80003
4.80041
4.80075
4.80105
4.80127
4.80124
4.80154
4.80181
4.8014
4.80059
4.79436
4.79726
4.79929
4.80058
4.80117
4.79755
4.79906
4.80032
4.80094
4.79944
4.79263
4.79619
4.7986
4.79986
4.8005
4.80095
4.79873
4.79948
4.80046
4.8008
4.79825
4.79956
4.80056
4.80088
4.79971
4.79867
4.79408
4.79691
4.79884
4.80013
4.80042
4.80101
4.80142
4.80165
4.78845
4.74651
4.72232
4.70916
4.75334
4.77317
4.7862
4.79178
4.79417
4.79529
4.79631
4.78729
4.76122
4.75087
4.76263
4.74049
4.76753
4.78491
4.79216
4.79467
4.7961
4.79714
4.79166
4.76972
4.75305
4.77475
4.74796
4.76148
4.7803
4.78929
4.79278
4.79446
4.79566
4.7953
4.78966
4.7923
4.79499
4.7847
4.78946
4.79404
4.79641
4.79767
4.79847
4.79896
4.79691
4.79788
4.79904
4.79955
4.7993
4.80012
4.8007
4.80109
4.8014
4.8016
4.80183
4.80202
4.8022
4.80235
4.80122
4.79103
4.79462
4.79797
4.7996
4.8004
4.79838
4.78605
4.79208
4.79616
4.79334
4.77961
4.78615
4.79351
4.79704
4.79113
4.76575
4.72079
4.67962
4.67438
4.64976
4.69771
4.74799
4.7693
4.77746
4.78162
4.76227
4.71602
4.65118
4.5871
4.54129
4.50981
4.4893
4.47902
4.4716
4.46852
4.47109
4.56562
4.65203
4.68724
4.69895
4.68843
4.66128
4.63094
4.6637
4.70505
4.72421
4.73653
4.74449
4.75126
4.75437
4.7394
4.72561
4.7342
4.73695
4.75835
4.7687
4.7767
4.78011
4.7829
4.78509
4.78688
4.78811
4.78968
4.79113
4.79234
4.79356
4.79463
4.79557
4.7964
4.79715
4.79769
4.79203
4.78662
4.78814
4.79131
4.79135
4.79541
4.79787
