0.006076
0.013624
0.00850865
0.0144545
0.019728
0.0241563
0.0297474
0.0378013
0.0450917
0.0543853
0.06348
0.0745302
0.0835435
0.0945438
0.108347
0.120459
0.135771
0.149037
0.165595
0.184341
0.191058
0.21092
0.224922
0.245945
0.260755
0.282763
0.298227
0.320996
0.336622
0.360524
0.376512
0.392606
0.417341
0.433851
0.458992
0.475951
0.501299
0.51851
0.535557
0.561047
0.578568
0.604534
0.62159
0.646564
0.664233
0.689146
0.706677
0.731201
0.747793
0.772518
0.788832
0.806154
0.829283
0.846404
0.868795
0.885315
0.907239
0.923454
0.938258
0.958879
0.974581
0.994237
1.00941
1.02846
1.01251
0.99094
1.47235
1.95135
2.43241
2.91199
3.3922
3.87081
4.82976
5.30957
5.6741
6.05898
6.37713
6.68422
7.06752
7.28253
7.49861
7.86943
8.00319
8.14863
8.49716
8.5937
8.79616
8.91086
8.98895
9.15709
9.19878
9.23888
9.32554
9.16558
9.06238
8.95228
8.75347
8.60522
8.55477
8.49765
8.44742
8.38225
8.28596
8.15281
8.07515
7.9851
7.96889
7.96293
7.94303
7.92014
8.21228
8.35842
8.26385
8.23925
8.22718
8.19973
8.17906
8.33617
8.35921
8.40932
8.69331
8.76582
8.94798
8.99395
9.17086
9.21633
9.32484
9.34513
9.38113
9.39575
9.38774
9.40636
9.40308
9.40463
9.43111
9.42829
9.42062
9.04291
8.91159
8.81954
8.70346
8.62879
8.52517
8.00309
7.48543
7.24961
7.00798
6.7704
6.53878
6.3586
5.79156
5.49959
5.31751
5.16997
4.94584
4.81251
4.6486
4.49327
4.32062
4.21782
4.10629
3.97524
3.90972
3.8391
3.76746
3.6983
3.63259
3.5857
3.5296
3.46862
3.43316
3.39901
3.34999
3.31692
3.78101
4.17355
4.53084
4.88052
5.34894
5.63203
5.90285
6.34134
6.63352
7.10908
7.23474
7.41556
7.72396
7.87955
8.27213
8.43737
8.67542
8.73483
8.21537
7.79993
7.28028
6.9601
6.79405
6.58997
6.39952
5.9677
5.68221
5.60367
5.48959
5.38326
5.14293
5.02982
4.95891
4.90668
4.72531
4.67524
4.60368
4.56139
4.50628
4.42748
4.15943
4.08322
3.98477
3.96354
3.82605
3.79261
3.77193
3.72838
3.69211
3.64338
3.59903
3.55912
3.50763
3.43247
3.34355
3.25422
3.77986
3.77075
3.76174
3.75647
4.00406
4.12566
4.20012
4.58259
4.71394
5.1194
5.343
5.80807
5.92199
6.10829
6.1683
6.19759
6.26911
6.76412
6.98069
7.28651
7.34922
7.42183
7.43132
7.47934
7.92775
8.05439
8.19944
8.51677
8.60692
8.71481
8.90368
8.96077
8.935
8.90996
8.89439
8.87693
9.08145
9.03871
8.91793
8.79042
8.73275
8.7022
8.66646
8.62483
8.58783
8.55668
8.53947
8.5173
8.49468
8.4723
8.05399
7.81033
7.56658
7.34655
7.14373
6.95686
6.82045
6.57766
6.4515
6.35887
6.19322
6.06812
5.97313
5.82525
5.65581
5.37816
5.19525
5.16656
5.08853
4.99723
4.80643
4.71742
4.66379
4.56822
4.52963
4.48001
4.42682
4.37513
4.29915
4.20649
4.10427
4.01594
3.94028
4.08893
4.21479
4.33702
4.84176
5.17531
5.65469
5.92812
6.12627
5.95743
5.85789
5.75647
5.69513
6.01746
6.14581
6.26211
6.74343
7.00034
7.34756
7.49105
7.64508
8.03373
8.19759
8.30909
8.61192
8.69978
8.87518
8.98549
9.04997
9.18475
9.23302
9.2971
9.36576
9.40114
9.42407
9.50162
9.51485
9.5342
9.59023
9.59681
9.6431
9.65179
9.66391
9.14429
8.62466
8.10503
7.89487
7.56722
7.04498
6.90685
6.70981
6.53564
6.37193
6.22625
6.08934
5.96225
5.67135
5.51392
5.42974
5.39318
5.34992
5.22533
5.19489
5.14652
5.0896
4.97774
4.9357
4.8899
4.84152
4.67804
4.34497
3.96828
3.58132
3.44756
3.44289
3.37688
3.28276
3.2071
3.1169
3.03566
2.9604
2.89247
2.82257
2.73332
2.63028
2.56613
2.53356
2.50472
2.47631
2.45863
2.8514
3.01369
3.51561
3.75282
4.24267
4.52638
4.91674
5.20745
5.48005
5.77714
5.88235
6.38319
6.538
6.69547
6.96263
7.04282
7.45099
7.61819
7.77866
7.91405
7.94699
7.99719
8.31257
8.39616
8.54944
8.57347
8.65844
8.68029
8.71072
8.89773
8.942
8.99725
9.06928
9.08206
9.10225
9.22949
9.25452
9.28965
9.30459
9.35197
9.36394
9.37643
9.40749
9.40899
9.46143
9.46727
9.47911
9.49333
9.49085
9.49116
9.53465
9.53908
9.57708
9.57852
9.58448
9.61645
9.61653
9.65184
9.65316
9.67887
9.67965
9.68443
9.71533
9.71669
9.72172
9.74428
9.74684
9.76488
9.76012
9.75837
9.7761
9.77155
9.77911
9.77577
9.77094
9.78744
9.78187
9.78136
