0.006076
0.00257338
0.00251793
0.00591551
0.00680599
0.0134105
0.0145343
0.0191539
0.0306674
0.0325909
0.0461683
0.0488561
0.066213
0.0687204
0.0778142
0.0984397
0.101757
0.12539
0.128365
0.154222
0.157125
0.184177
0.187068
0.216741
0.236578
0.250152
0.252713
0.285627
0.300069
0.322248
0.337111
0.340499
0.375897
0.379645
0.415663
0.419848
0.456262
0.461006
0.477689
0.514595
0.520059
0.556562
0.562857
0.598898
0.606269
0.641577
0.649283
0.683965
0.692121
0.72586
0.735293
0.752233
0.784044
0.808754
0.825121
0.836097
0.865166
0.876347
0.89214
0.919502
0.931651
0.957149
0.969542
0.991335
1.00557
1.02806
1.00375
1.38773
1.87077
2.3474
2.82949
3.30869
3.78714
4.26682
4.74745
5.21921
5.64655
6.03662
6.32986
6.67511
6.98918
7.23523
7.46059
7.67218
7.86433
8.03943
8.21606
8.34448
8.49378
8.62355
8.74162
8.84914
8.92749
8.98351
9.05013
9.10801
9.04166
8.97399
8.87391
8.79524
8.72699
8.66437
8.60894
8.55223
8.49652
8.39
8.3212
8.20812
8.1567
8.11107
8.07189
8.03311
7.99807
7.95187
7.90732
7.86503
7.8531
7.99701
8.18827
8.23437
8.27164
8.31658
8.44738
8.52137
8.6055
8.71264
8.81603
8.91035
8.98232
9.06654
9.14254
9.17737
9.20825
9.21858
9.22966
9.24094
9.25276
9.262
9.27144
9.30017
9.32425
9.12619
8.94553
8.87043
8.81676
8.72988
8.66368
8.32979
7.95423
7.60088
7.2609
6.93093
6.62008
6.29033
6.0975
5.95033
5.7926
5.6325
5.47988
5.3411
5.19615
5.07931
4.96508
4.82168
4.78156
4.73105
4.67322
4.6133
4.55782
4.50747
4.46203
4.43961
4.80786
5.06516
5.36278
5.59037
5.89119
6.15262
6.43971
6.64378
6.9299
7.24575
7.39528
7.57043
7.72493
7.89759
8.02127
8.2097
8.32179
8.47933
8.16281
7.79889
7.47474
7.18809
6.93634
6.70772
6.49889
6.26911
6.12384
5.97225
5.83326
5.67554
5.52629
5.41981
5.31626
5.16734
5.09223
5.00411
4.95429
4.86385
4.69525
4.5021
4.36114
4.24981
4.09891
4.06215
4.00362
3.93362
3.86111
3.79063
3.72733
3.66944
3.59743
3.5041
3.39887
3.3118
3.27717
3.25951
3.23753
3.21567
3.24338
3.49734
3.7137
3.99077
4.21739
4.47089
4.75627
5.01487
5.3268
5.53497
5.52524
5.5318
5.58792
5.90505
6.17787
6.52919
6.83768
6.94568
7.0403
7.11217
7.23518
7.36515
7.58037
7.79903
7.99953
8.16699
8.31975
8.46069
8.58884
8.69335
8.68279
8.68099
8.68927
8.7815
8.86224
8.85383
8.79123
8.72379
8.67828
8.65076
8.61866
8.58043
8.54787
8.51727
8.50837
8.54575
8.64605
8.71589
8.79873
8.44405
8.12378
7.85798
7.61643
7.39671
7.23753
7.0545
6.89681
6.75234
6.61918
6.50215
6.39325
6.23572
6.00708
5.87472
5.77824
5.66179
5.44548
5.29715
5.2601
5.21733
5.13759
5.10317
5.06666
5.02263
4.9526
4.76127
4.54106
4.31048
4.10944
3.98791
3.94254
3.86732
3.80245
3.71192
3.6239
3.52447
3.42768
3.32753
3.25982
3.23427
3.22304
3.19963
3.15984
3.09912
3.07679
3.53192
3.94641
4.41688
4.84227
5.2268
5.65924
6.04903
6.35151
6.62415
6.86963
7.0465
7.25879
7.50424
7.72634
7.92967
8.11441
8.24886
8.43043
8.5356
8.66247
8.78027
8.87185
8.95547
9.02639
9.09136
9.13855
9.19544
9.26836
9.29241
9.33133
9.35938
9.40238
9.44164
9.47517
9.03285
8.63436
8.26843
7.92879
7.62607
7.34248
7.10449
6.88739
6.68953
6.50966
6.34681
6.22466
6.03935
5.92963
5.82764
5.75549
5.68158
5.56904
5.49014
5.43019
5.36562
5.2387
5.19733
5.13433
5.05706
4.85515
4.59988
4.39317
4.12116
3.94743
3.83445
3.70274
3.5631
3.43021
3.30766
3.21794
3.10963
2.98726
2.85165
2.71625
2.6668
2.61798
2.57448
2.53444
2.51559
2.52072
2.51214
2.49361
2.46977
2.45944
2.93744
3.41868
3.87743
4.27508
4.54527
4.84404
5.07044
5.31793
5.70606
5.95671
6.24327
6.36667
6.48099
6.71916
6.95257
7.15819
7.30723
7.43991
7.51579
7.61044
7.81708
8.03582
8.11636
8.19951
8.26743
8.32523
8.38812
8.49595
8.62006
8.72651
8.76335
8.79889
8.87791
8.93318
8.99581
9.03472
9.06671
9.09358
9.12111
9.14041
9.17321
9.20518
9.23722
9.26565
9.30594
9.33389
9.36717
9.39627
9.41242
9.43321
9.46343
9.49119
9.50051
9.51003
9.52155
9.53062
9.54113
9.55594
