0.002152
0.00107511
0.00801309
0.0136879
0.0212236
0.0269807
0.0341672
0.0443245
0.0526921
0.0646256
0.0743786
0.0839499
0.121871
0.13487
0.151528
0.165658
0.185075
0.198781
0.219419
0.233825
0.255541
0.27036
0.285668
0.308616
0.324709
0.348372
0.364443
0.389156
0.405844
0.430391
0.448088
0.472219
0.490529
0.514795
0.531966
0.550939
0.574985
0.594341
0.618337
0.637728
0.66147
0.680834
0.704227
0.723533
0.746477
0.763138
0.782101
0.804333
0.823214
0.844835
0.863402
0.884359
0.899786
0.917649
0.937762
0.955161
0.974492
0.99137
1.00988
1.02618
1.01022
0.986325
1.37038
1.85115
2.33079
2.81149
3.19573
3.77109
4.15426
4.63427
5.11506
5.54499
5.93776
6.29449
6.64255
6.95823
7.24389
7.46358
7.62446
7.81075
7.99971
8.17155
8.32764
8.47246
8.60427
8.7242
8.83108
8.92761
9.01433
9.06349
9.10026
9.03419
8.96749
8.8679
8.77853
8.71707
8.66029
8.61039
8.5557
8.51087
8.42478
8.34208
8.26664
8.19808
8.16193
8.11894
8.06838
8.0312
7.98837
7.93065
7.89376
7.88556
8.04487
8.14159
8.20683
8.27367
8.33087
8.38689
8.43049
8.58059
8.68721
8.78477
8.88342
8.95498
9.03789
9.08727
9.11715
9.1554
9.18864
9.2188
9.2382
9.25014
9.25616
9.2781
9.30223
9.1952
9.00925
8.93386
8.85353
8.76779
8.69848
8.28311
7.89114
7.54774
7.18311
6.90586
6.57682
6.2002
5.8865
5.63872
5.40883
5.1873
5.02337
4.79168
4.61066
4.46248
4.30556
4.19377
4.06271
3.98321
3.9031
3.82359
3.74835
3.67909
3.61598
3.57025
3.51746
3.4698
3.44622
3.9035
4.25282
4.60548
4.87954
5.20253
5.44504
5.76549
6.07902
6.44172
6.76492
6.99817
7.21248
7.39975
7.59297
7.73164
7.89028
8.04951
8.1969
8.33097
7.95137
7.6164
7.31729
7.04522
6.80794
6.59234
6.43426
6.20856
6.031
5.88805
5.75916
5.60895
5.47192
5.37303
5.26717
5.1289
5.06041
4.98459
4.93822
4.806
4.60686
4.41096
4.25027
4.17996
4.02557
3.98131
3.90991
3.83646
3.76265
3.69174
3.62636
3.56677
3.49256
3.39838
3.29183
3.22196
3.19001
3.16839
3.14689
3.14154
3.18123
3.47235
3.7213
3.92987
4.11794
4.23821
4.43831
4.80906
5.17202
5.45901
5.51528
5.56285
5.6302
5.85606
6.03216
6.2117
6.55726
6.84937
7.15233
7.16817
7.20467
7.26917
7.51485
7.72988
7.92666
8.10934
8.24234
8.43041
8.53873
8.66225
8.76049
8.74902
8.75336
8.82239
8.884
8.87874
8.80027
8.72489
8.68001
8.64655
8.61124
8.56669
8.52872
8.49484
8.47865
8.45647
8.43745
8.48846
8.52515
8.19148
7.89268
7.61953
7.37131
7.14551
6.94075
6.78834
6.65567
6.5388
6.45165
6.351
6.26107
6.13363
5.9977
5.79456
5.66522
5.61327
5.47396
5.31859
5.18506
5.14721
5.09376
5.03206
5.00558
4.97166
4.91887
4.84381
4.65055
4.50043
4.27167
4.04048
3.97596
3.9291
3.85392
3.76418
3.67558
3.59313
3.51085
3.41443
3.32748
3.28023
3.23843
3.22097
3.19422
3.16469
3.08763
3.07222
3.541
3.96673
4.44225
4.87248
5.26167
5.68864
5.98856
6.42185
6.63032
6.87474
7.09508
7.33311
7.54736
7.76328
7.95998
8.13672
8.29759
8.41325
8.54773
8.67009
8.78001
8.87993
8.95311
9.02072
9.09569
9.16388
9.21678
9.2554
9.30663
9.33649
9.38156
9.42468
9.46406
9.02154
8.62527
8.26527
8.00367
7.63426
7.41798
7.1529
6.92005
6.70731
6.51369
6.33674
6.17804
6.03072
5.89549
5.74137
5.64169
5.59429
5.54219
5.48803
5.38957
5.34844
5.2866
5.16831
5.11322
5.06299
5.01235
4.89042
4.66026
4.38595
4.09923
3.90381
3.75286
3.64685
3.55847
3.40992
3.31683
3.20717
3.10662
3.01381
2.92946
2.80929
2.67489
2.61769
2.57684
2.53816
2.50403
2.48179
2.50562
2.85378
3.18169
3.59106
3.89095
4.23206
4.64105
5.0008
5.322
5.44544
5.60438
5.76753
6.02318
6.22945
6.43336
6.66091
6.82283
6.99914
7.23783
7.4383
7.61915
7.6727
7.74776
7.80981
7.9998
8.12988
8.30386
8.3363
8.38103
8.42501
8.55922
8.67486
8.70757
8.7453
8.7886
8.85197
8.92735
9.01213
9.08848
9.12164
9.15119
9.18025
9.22834
9.27005
9.30919
9.33657
9.35635
9.37873
9.39012
9.40172
9.41298
9.42515
9.43804
9.44942
9.46715
9.48391
9.49858
9.51724
9.53092
9.54994
9.5607
9.57361
9.58538
9.60249
9.61805
9.63237
9.6439
