0.374489
0.464209
0.564703
0.671121
0.766177
0.869303
0.969141
1.07205
1.16493
1.26894
1.36514
1.46802
1.57068
1.66895
1.7711
1.8668
1.97687
2.06979
2.16803
2.2705
2.37154
2.46968
2.56903
2.67247
2.77289
2.87193
2.97067
3.0752
3.18605
3.27233
3.37553
3.47193
3.57168
3.6773
3.77575
3.87872
3.97651
4.07793
4.17487
4.28044
4.38458
4.4758
4.58149
4.68213
4.77646
4.88555
4.98174
5.08211
5.18795
5.2867
5.37962
5.48525
5.58041
5.68402
5.78178
5.88638
5.98601
6.08915
6.18824
6.28528
6.38735
6.48828
6.58701
6.68945
6.79358
6.88952
6.98126
7.08245
7.18585
7.29588
7.38807
7.49464
7.58998
7.6921
7.79208
7.88788
7.98802
8.09582
8.18961
8.30104
8.39214
8.49352
8.59202
8.69031
8.79117
8.89361
8.99098
9.08771
9.19326
9.29511
9.39574
9.49734
9.59538
9.69978
9.79512
9.89516
10.0088
10.098
10.2001
10.2987
10.3961
10.4975
10.5968
10.6982
10.799
10.8964
11.0001
11.1001
11.1946
11.3013
11.3953
11.5028
11.6161
11.6995
11.7976
11.8966
12.0115
12.1044
12.1982
12.2981
12.3951
12.4959
12.6002
12.6947
12.7988
12.8951
12.9966
13.0986
13.1969
13.2927
13.3966
13.4948
13.6006
13.6984
13.7976
13.8958
14.003
14.0998
14.2033
14.2967
14.3945
14.504
14.5994
14.7
14.8015
14.8996
15.0058
15.1026
15.1981
15.301
15.4
15.4976
15.606
15.7031
15.7985
15.9059
16.0001
16.0999
16.1973
16.3049
16.4043
16.4945
16.6029
16.7048
16.7974
16.8992
17.0048
17.0996
17.1991
17.3036
17.3966
17.5017
17.5972
17.6956
17.8039
17.8984
18.0011
18.0989
18.1968
18.3128
18.3971
18.4981
18.5988
18.6997
18.8017
18.8977
18.9975
19.1038
19.1992
19.3001
19.4013
19.5015
19.6019
19.7007
19.7976
19.8997
19.9965
20.0988
20.1993
20.2969
20.4127
20.503
20.6003
20.6994
20.801
20.899
20.9998
21.0908
21.1915
21.2942
21.3929
21.4929
21.5948
21.6934
21.7951
21.9066
21.9924
22.096
22.1961
22.2961
22.3991
22.498
22.6005
22.7209
22.8002
22.8968
22.9956
23.099
23.2009
23.2974
23.4001
23.5073
23.5992
23.6957
23.8023
23.9013
23.9963
24.1012
24.2051
24.3069
24.4053
24.5006
24.6041
24.7014
24.8077
24.9011
25.0067
25.0947
25.2001
25.2977
25.401
25.5004
25.6004
25.6975
25.8038
25.8996
26.0011
26.0984
26.2075
26.2978
26.4018
26.5
26.6009
26.7108
26.7999
26.9068
27.0028
27.0999
27.2092
27.2964
27.4009
27.4987
27.6021
27.6997
27.8063
27.9095
28.0031
28.1044
28.2061
28.3012
28.4049
28.5057
28.6005
28.7088
28.8021
28.9057
29.0049
29.1007
29.2129
29.3026
29.4037
29.5095
29.6024
29.7086
29.8053
29.9046
30.0181
30.1043
30.2021
30.3053
30.41
30.5072
30.6108
30.7098
30.8033
30.9114
31.0114
31.1134
31.2115
31.3107
31.4178
31.5163
31.616
31.7202
31.8119
31.9096
32.0198
32.1123
32.2134
32.3118
32.4156
32.5147
32.6167
32.7141
32.8108
32.9125
33.0233
33.1166
33.2144
33.3176
33.417
33.5214
33.614
33.7166
33.8231
33.9253
34.0155
34.1273
34.2213
34.3266
34.4266
34.5188
34.6189
34.7243
34.8211
34.9187
35.0175
35.1216
35.2209
35.3207
35.4179
35.5189
35.6249
35.7187
35.8295
35.9214
36.0273
36.1295
36.2239
36.3235
36.4227
36.5213
36.6226
36.7234
36.8199
36.9239
37.0184
37.1247
37.2284
37.3243
37.4245
37.5206
37.6226
37.7257
37.8237
37.9196
38.0172
38.1257
38.2238
38.323
38.4293
38.5218
38.6305
38.7309
38.8241
38.9235
39.0201
39.129
39.2202
39.3231
39.4365
39.5192
39.6274
39.7334
39.8236
39.9254
40.0203
40.127
40.2245
40.3255
40.427
40.5274
40.6229
40.7238
40.8238
40.9234
41.0216
41.1238
41.2244
41.3211
41.4242
41.5229
41.6294
41.7234
41.8206
41.929
42.0184
42.1224
42.2237
42.326
42.4189
42.5257
42.6223
42.7246
42.8227
42.9242
43.0344
43.1188
43.2316
43.3268
43.4207
43.5272
43.6272
43.7246
43.8363
43.9237
44.0226
44.1263
44.225
44.3281
44.4338
44.5316
44.6316
44.7235
44.8302
44.9289
45.0302
45.1356
45.2308
45.329
45.4431
45.5295
45.6322
45.7311
45.8328
45.927
46.0332
46.1314
46.2358
46.33
46.4412
46.5354
46.6402
46.728
46.8333
46.9318
47.0389
47.1349
47.2343
47.3315
47.4366
47.5377
47.6332
47.7404
47.8364
47.9456
48.0365
48.1354
48.2372
48.3375
48.4415
48.5409
48.6433
48.7417
48.8371
48.934
49.0344
49.1469
49.2375
49.3389
49.44
49.546
49.6381
49.7392
49.8426
49.9463
50.0462
50.1418
50.2465
50.3584
50.4396
50.5417
50.646
50.7407
50.8508
50.9456
51.0398
51.1484
51.247
51.3429
51.4409
51.5437
51.6514
51.7408
51.8448
51.9602
52.0471
52.1467
52.2547
52.3487
52.4475
52.6533
52.7533
52.8496
52.9488
53.0531
53.1498
53.2513
53.3511
53.4522
53.5526
53.6552
53.7565
53.8562
53.9522
54.0562
54.1557
54.2563
54.3582
54.4559
54.5586
54.6557
54.7611
54.8601
54.9517
55.0473
55.1609
55.253
55.3613
55.4656
55.5634
55.6668
55.7634
55.8609
55.9579
56.0614
56.1566
56.2624
56.3669
56.4597
56.5613
56.6647
56.7587
56.8558
56.9613
57.0691
57.1693
57.2686
57.3629
57.4636
57.563
57.6711
57.7708
57.8611
57.9671
58.0718
58.1667
58.2714
58.3665
58.4647
58.5699
58.6657
58.7701
58.8767
58.9725
59.0772
59.1755
59.2715
59.3747
59.473
59.5755
59.6713
59.7747
59.8837
59.9721
60.076
60.1746
60.2831
60.378
60.4859
60.578
60.6715
60.7746
60.8737
60.9747
61.0706
61.1767
61.2766
61.3784
61.4724
61.5764
61.6756
61.7809
61.8794
61.9812
62.0861
62.1945
62.2817
62.3805
62.4826
62.5818
62.6853
62.7872
62.8862
62.9848
63.0905
