0.456668
0.555609
0.650577
0.756774
0.852312
0.950503
1.06549
1.15399
1.25186
1.36427
1.45579
1.55268
1.65318
1.75615
1.8555
1.95852
2.06646
2.16853
2.25759
2.35613
2.46194
2.5607
2.66728
2.75849
2.86463
2.95775
3.05969
3.16022
3.25924
3.35688
3.46657
3.55968
3.65687
3.76519
3.86198
3.95923
4.06353
4.16122
4.25777
4.35856
4.46062
4.5599
4.66918
4.76263
4.87298
4.96813
5.07306
5.1716
5.2729
5.36759
5.47261
5.56419
5.67457
5.76699
5.86484
5.96519
6.06683
6.16775
6.2677
6.36916
6.47483
6.56698
6.66572
6.76827
6.86677
6.96983
7.07243
7.17244
7.2679
7.37199
7.46646
7.57021
7.67616
7.76816
7.87321
7.96707
8.07768
8.17111
8.26806
8.37717
8.47377
8.58121
8.6811
8.77242
8.87139
8.97288
9.07341
9.1828
9.27467
9.38085
9.47299
9.57175
9.67658
9.77686
9.87873
9.97895
10.0693
10.1755
10.273
10.3784
10.4763
10.5803
10.6799
10.782
10.8886
10.9767
11.0739
11.205
11.2776
11.3782
11.4766
11.5802
11.673
11.7767
11.8824
11.9794
12.0791
12.1769
12.2755
12.3787
12.4761
12.5751
12.6758
12.7767
12.8802
12.9763
13.0819
13.1788
13.2822
13.3814
13.4774
13.5843
13.6825
13.7777
13.8809
13.9839
14.0868
14.1819
14.2846
14.3887
14.4832
14.5874
14.6823
14.7868
14.8883
14.9822
15.0821
15.183
15.2864
15.3874
15.4884
15.5883
15.6956
15.7902
15.8908
15.9874
16.0903
16.1855
16.2914
16.3909
16.4914
16.5865
16.6851
16.7895
16.8942
16.999
17.0883
17.1846
17.297
17.3914
17.4843
17.5947
17.6862
17.7898
17.8925
17.9865
18.0859
18.1909
18.2943
18.3901
18.4907
18.5905
18.6786
18.7801
18.8869
18.9798
19.085
19.1814
19.2789
19.3819
19.4793
19.5826
19.6847
19.7863
19.8881
19.9862
20.0864
20.1849
20.2853
20.383
20.4925
20.5868
20.6833
20.7883
20.8788
20.9901
21.077
21.1814
21.2784
21.3791
21.4909
21.5865
21.6822
21.7834
21.88
21.9916
22.0824
22.1827
22.2843
22.3829
22.4825
22.589
22.6816
22.7907
22.88
22.9845
23.0872
23.1832
23.2852
23.3855
23.4913
23.5903
23.6967
23.7888
23.8874
23.989
24.0871
24.1849
24.2888
24.3911
24.4819
24.5872
24.6908
24.7824
24.8947
24.9832
25.0828
25.1896
25.2858
25.3905
25.4855
25.5852
25.6914
25.7856
25.8852
25.9954
26.0829
26.1884
26.2832
26.3816
26.4886
26.5872
26.6861
26.7873
26.8838
26.9871
27.0867
27.1833
27.2863
27.3842
27.4854
27.5899
27.6848
27.7812
27.8825
27.9819
28.0842
28.1901
28.2885
28.3878
28.5067
28.5918
28.697
28.793
28.8948
28.996
29.0905
29.192
29.2917
29.3914
29.4896
29.6003
29.6956
29.7925
29.8959
29.9963
30.0963
30.1988
30.2959
30.396
30.4941
30.5957
30.695
30.816
30.8957
31.004
31.0967
31.1986
31.2947
31.396
31.501
31.5918
31.6946
31.795
31.891
31.9935
32.0899
32.1982
32.3073
32.3945
32.497
32.5971
32.7007
32.795
32.8979
33.0003
33.103
33.2025
33.3044
33.4046
33.5024
33.6021
33.7029
33.8038
33.9008
34.0027
34.1026
34.2078
34.3062
34.4053
34.5069
34.6032
34.711
34.8208
34.9085
35.007
35.1056
35.2054
35.3079
35.4034
35.5069
35.6036
35.7092
35.8038
35.9051
36.0133
36.1079
36.2062
36.3113
36.4112
36.5062
36.6057
36.7123
36.8019
36.912
37.0085
37.1076
37.2197
37.3046
37.4035
37.5236
37.6076
37.7054
37.8153
37.91
38.0111
38.1044
38.2111
38.3137
38.409
38.5114
38.623
38.7097
38.8104
38.9133
39.0102
39.1141
39.2118
39.3044
39.4092
39.5148
39.6095
39.7138
39.8083
39.9083
40.0082
40.107
40.2089
40.3042
40.4066
40.5094
40.6053
40.7058
40.8091
40.9057
41.0065
41.1055
41.2057
41.3074
41.4053
41.5134
41.607
41.7091
41.8031
41.9052
42.0105
42.1062
42.2028
42.305
42.4039
42.5049
42.6083
42.7057
42.808
42.9213
43.0071
43.105
43.2045
43.3065
43.404
43.5132
43.6067
43.7076
43.8021
43.909
44.0041
44.1052
44.2092
44.3025
44.4033
44.5107
44.6101
44.7105
44.808
44.9047
45.0116
45.107
45.2132
45.3094
45.4094
45.5144
45.6076
45.7108
45.8039
45.9141
46.0095
46.1138
46.2172
46.3136
46.4156
46.5118
46.614
46.7111
46.8097
46.9163
47.0088
47.1146
47.2124
47.3137
47.4186
47.5107
47.6176
47.7169
47.814
47.9136
48.0242
48.1165
48.2187
48.316
48.4165
48.5182
48.62
48.7249
48.8228
48.9194
49.0191
49.1127
49.2147
49.3166
49.4209
49.5297
49.6216
49.7151
49.8144
49.9195
50.0193
50.1219
50.2174
50.3383
50.4326
50.5254
50.6263
50.7256
50.8221
50.9236
51.0236
51.1202
51.2292
51.326
51.4237
51.5225
51.6281
51.7223
51.8404
51.9309
52.03
52.1271
52.2244
52.3226
52.4276
52.5258
52.6281
52.7374
52.8376
52.9299
53.0267
53.1267
53.2317
53.3298
53.433
53.5335
53.6325
53.7286
53.8322
53.9347
54.0372
54.1312
54.2356
54.3316
54.436
54.5389
54.6364
54.7347
54.8367
54.9382
55.0341
55.1402
55.2317
55.3445
55.4391
55.5397
55.6388
55.7399
55.8406
55.9452
56.0441
56.1375
56.2423
56.3444
56.4422
56.5373
56.6432
56.7394
56.8421
56.9439
57.0382
57.1475
57.2428
57.3404
57.4477
57.539
57.6455
57.7456
57.8452
57.9417
58.0445
58.1443
58.2411
58.3446
58.4527
58.5469
58.6517
58.738
58.8426
58.9425
59.0392
59.1419
59.2432
59.3455
59.4435
59.5439
59.6483
59.7431
59.8421
59.9458
60.0567
60.146
60.2438
60.3524
60.4468
60.5513
60.6473
60.7431
60.8507
60.9453
61.0423
61.1518
61.2427
61.3502
61.4549
61.5461
61.6508
61.7509
61.8601
61.9443
62.0549
62.1531
62.2546
62.3531
62.4512
62.55
62.6581
62.7521
62.8531
62.9503
63.0578
63.1539
63.2501
63.3599
63.4518
63.5541
63.6515
63.7475
63.8522
63.9488
64.0542
64.1534
64.2485
64.3506
64.4462
64.5497
64.6482
64.7574
64.8525
64.956
65.0513
65.1567
65.2553
65.355
65.4524
65.5509
65.6592
65.7534
65.8498
65.9523
66.0553
66.1602
66.2546
66.3645
66.4557
66.5548
66.6589
66.7511
66.8592
66.9494
67.0582
67.1561
67.2617
67.3646
67.4533
67.5589
67.6623
67.7516
67.8601
67.9557
68.0627
68.1616
68.254
68.3575
68.4536
68.5556
68.6593
68.7533
68.8588
68.9535
69.0554
69.1529
69.2567
69.3564
69.4539
69.5636
69.6588
69.7515
69.8653
69.953
70.0532
70.1639
70.2599
70.3553
70.4534
70.5608
70.6541
70.7592
70.8568
70.9543
71.0594
71.1602
71.2534
71.3617
71.4547
71.5586
71.6538
71.7589
71.8634
71.9582
72.0563
72.1584
72.2552
72.3545
72.4579
72.5586
72.6586
72.7571
72.8609
72.9617
73.0583
73.1567
73.257
73.3621
73.4581
73.5624
73.6625
73.764
73.865
73.9699
74.0646
74.1594
74.2641
74.3644
74.4652
74.5647
74.6612
74.7646
74.8672
74.9616
75.0632
75.1624
75.2642
75.3648
75.4652
75.5597
75.6639
75.7672
75.8683
75.9696
76.0666
76.1682
76.2678
76.3647
76.4755
76.5664
76.6684
76.7688
76.872
76.9695
77.0649
77.1671
77.2699
77.3674
77.4711
77.5646
77.6777
77.7654
77.8706
77.973
78.0764
78.172
78.2735
78.3736
78.4724
78.5728
78.6734
78.7783
78.8745
78.973
79.083
79.1756
79.28
79.3869
79.4802
79.5838
79.6799
79.7857
79.8839
79.9806
80.0847
80.188
80.2826
80.3858
80.4833
80.5823
80.6801
80.7817
80.8806
80.9848
81.0843
81.1844
81.2985
81.3854
81.4864
81.5915
81.6825
81.7923
81.8859
81.9859
82.0891
82.1843
82.2906
82.3905
82.4867
82.5883
82.6875
82.7883
82.8885
82.9892
83.0965
83.1882
83.2835
83.3867
83.4909
83.5922
83.6929
83.7871
83.8967
83.9959
84.0925
84.1904
84.2876
84.3929
84.4967
84.5943
84.6904
84.7948
84.8964
84.9986
85.0897
85.2056
85.2961
85.3978
85.4912
85.5957
85.6962
85.7994
85.8981
85.9905
86.0968
86.1975
86.3037
86.4029
86.4984
86.5998
86.698
86.8024
86.8947
87.0011
87.1011
87.202
87.3071
87.4009
87.4991
87.6121
87.6992
87.8036
87.8994
88.0062
88.104
88.2058
88.3013
88.4064
88.5079
88.6018
88.704
88.8117
88.9037
89.0087
89.1096
89.2063
89.3134
89.4095
89.5092
89.6156
89.7102
89.8031
89.9143
90.0122
90.1076
90.2117
90.3076
