0.0903668
0.189227
0.287901
0.390685
0.494341
0.584652
0.686833
0.787776
0.891678
0.988411
1.08932
1.18833
1.29536
1.39338
1.49322
1.59155
1.69541
1.79667
1.8939
2.00009
2.09834
2.19398
2.29849
2.40087
2.49591
2.60311
2.70305
2.79955
2.90451
3.00517
3.11426
3.20434
3.30366
3.4023
3.50441
3.60088
3.70291
3.80816
3.90508
4.01095
4.11034
4.20687
4.31246
4.40788
4.50673
4.61332
4.71052
4.80773
4.91303
5.01481
5.11737
5.21398
5.316
5.41635
5.51619
5.61196
5.72057
5.81772
5.91701
6.02265
6.12208
6.21909
6.31856
6.42174
6.52575
6.62626
6.72391
6.82283
6.92818
7.0272
7.12468
7.22962
7.32983
7.42563
7.52863
7.62934
7.72577
7.82776
7.9258
8.02482
8.13193
8.23109
8.33071
8.6306
8.72914
8.83428
8.93461
9.03377
9.1347
9.23917
9.33353
9.43869
9.53759
9.63303
9.74627
9.83711
9.93787
10.0385
10.1407
10.2365
10.3433
10.4439
10.5416
10.6447
10.7472
10.8404
10.9451
11.0446
11.1413
11.2506
11.3503
11.4452
11.5513
11.651
11.7495
11.8544
11.9513
12.0484
12.1551
12.2516
12.3483
12.4585
12.5533
12.6504
12.7596
12.8562
12.9512
13.0566
13.1574
13.2545
13.3552
13.4575
13.5552
13.662
13.7609
13.8568
13.9627
14.0641
14.1591
14.2627
14.3664
14.4601
14.5659
14.6658
14.7604
14.8636
14.9651
15.065
15.1663
15.2646
15.3649
15.467
15.5691
15.666
15.7695
15.8711
15.9665
16.0707
16.1718
16.2708
16.3729
16.4761
16.568
16.6752
16.7768
16.8746
16.9804
17.0785
17.1782
17.2799
17.3795
17.4736
17.5853
17.6813
17.7782
17.8846
17.982
18.0775
18.1829
18.282
18.3787
18.4854
18.5821
18.6815
18.7806
18.8832
18.9829
19.0896
19.1832
19.2815
19.3836
19.4843
19.5792
19.6807
19.7851
19.8826
19.9875
20.0876
20.1831
20.2885
20.3899
20.4841
20.5896
20.6898
20.7863
20.8945
20.9898
21.0912
21.1972
21.292
21.3892
21.4953
21.5956
21.6891
21.7939
21.895
21.9965
22.0959
22.1988
22.2977
22.3989
22.5017
22.5964
22.6964
22.8006
22.9003
22.9978
23.0968
23.2002
23.2984
23.4002
23.4985
23.6003
23.714
23.7993
23.9002
24.0035
24.1063
24.202
24.3113
24.4072
24.5046
24.61
24.7087
24.8098
24.9103
25.0114
25.1082
25.2143
25.313
25.4088
25.5142
25.6143
25.7089
25.8172
25.9114
26.0131
26.1154
26.2149
26.3097
26.4174
26.5142
26.6142
26.7222
26.8182
26.9136
27.0158
27.1193
27.2206
27.3207
27.4229
27.5185
27.6245
27.7235
27.8193
27.9254
28.0249
28.1246
28.2256
28.3282
28.4207
28.5263
28.6259
28.7227
28.8284
28.9251
29.0247
29.1327
29.2276
29.3272
29.4275
29.5297
29.6284
29.734
29.8314
29.9331
30.0329
30.1369
30.2329
30.3341
30.4348
30.5372
30.6335
30.7401
30.8373
30.9337
31.0378
31.1389
31.2381
31.3386
31.4407
31.5392
31.6407
31.7403
31.8428
31.9428
32.0453
32.142
32.245
32.3408
32.4428
32.5427
32.6487
32.7447
32.8508
32.945
33.044
33.1517
33.2494
33.3467
33.4536
33.5504
33.6488
33.7547
33.8534
33.9524
34.055
34.1531
34.2488
34.3563
34.4545
34.5552
34.6563
34.7556
34.8526
34.9556
35.0588
35.156
35.2603
35.3581
35.4607
35.5606
35.6602
35.7587
35.8644
35.9625
36.0582
36.164
36.2631
36.3594
36.4679
36.566
36.6602
36.7672
36.8651
36.9613
37.0645
37.1703
37.2664
37.3688
37.4665
37.5682
37.6693
37.7698
37.8655
37.9725
38.0697
38.1682
38.2688
38.373
38.4729
38.5749
38.6735
38.7687
38.8754
38.978
39.0727
39.175
39.2775
39.3738
39.4779
39.5768
39.6741
39.7795
39.8758
39.9741
40.0809
40.1793
40.2778
40.3823
40.4823
40.5806
40.6841
40.783
40.887
40.9782
41.081
41.1857
41.2849
41.3799
41.4879
41.5848
41.68
41.791
41.8876
41.9825
42.0902
42.1908
42.2834
42.3944
42.4871
42.5872
42.6917
42.7887
42.8865
42.9888
43.0896
43.1866
43.291
43.3911
43.4852
43.5963
43.6943
43.7882
43.8925
43.9919
44.0952
44.1958
44.2959
44.3924
44.4981
44.5978
44.6976
44.8019
44.8985
44.9946
45.1006
45.2005
45.2954
45.403
45.5014
45.5991
45.7036
45.803
45.9006
46.0059
46.1068
46.2047
46.3084
46.4109
46.5067
46.6073
46.7092
46.8065
46.9088
47.0125
47.1082
47.2163
47.3127
47.4137
47.5106
47.6136
47.7161
47.8149
47.9121
48.0166
48.117
48.2157
