1.76979
1.86563
1.98386
2.06443
2.16055
2.26446
2.36452
2.45937
2.57437
2.66247
2.77585
2.86721
2.96794
3.0635
3.16803
3.26839
3.36938
3.46965
3.57236
3.66952
3.76927
3.87114
3.97091
4.07664
4.17577
4.27522
4.37245
4.47395
4.57708
4.6794
4.77119
4.87141
4.97862
5.06628
5.17374
5.26842
5.37359
5.47139
5.57039
5.67144
5.766
5.87144
5.96814
6.0707
6.17563
6.27129
6.37656
6.47342
6.57977
6.67396
6.77347
6.87347
6.97081
7.07499
7.17241
7.27852
7.3729
7.48132
7.57256
7.67188
7.78216
7.87924
7.97593
8.0794
8.17385
8.27852
8.38373
8.47861
8.57734
8.68074
8.77663
8.88129
8.97693
9.08352
9.17622
9.28615
9.37963
9.47642
9.57939
9.6808
9.78117
9.88255
9.97992
10.0809
10.1808
10.2816
10.3916
10.4841
10.5826
10.6842
10.787
10.8796
10.9845
11.0904
11.1837
11.2846
11.3842
11.4844
11.5867
11.6846
11.7939
11.885
11.9897
12.0899
12.1897
12.2913
12.3851
12.4861
12.5968
12.6875
12.7862
12.8886
12.9864
13.0947
13.1861
13.2856
13.386
13.4949
13.5848
13.6945
13.7856
13.8863
13.9863
14.0833
14.1853
14.2906
14.3857
14.4913
14.5902
14.685
14.789
14.8844
14.9827
15.0841
15.1901
15.2907
15.3805
15.487
15.5888
15.6831
15.7851
15.8841
15.9876
16.0894
16.1896
16.2869
16.3932
16.4836
16.5844
16.6954
16.7915
16.8886
16.9855
17.0884
17.1826
17.2888
17.3858
17.4885
17.5892
17.6863
17.7872
17.8914
17.985
18.0956
18.1871
18.2874
18.3841
18.4842
18.5858
18.6955
18.7873
18.897
18.9875
19.0922
19.1898
19.2826
19.3914
19.5002
19.6048
19.6911
19.7931
19.8952
19.9946
20.0934
20.1987
20.289
20.3925
20.5029
20.5932
20.6879
20.7922
20.8875
20.9876
21.0877
21.1979
21.2954
21.3946
21.5032
21.5877
21.6957
21.7937
21.8903
21.9928
22.0903
22.1928
22.295
22.3873
22.4939
22.6066
22.6963
22.7971
22.8937
22.9927
23.097
23.1954
23.2957
23.3983
23.503
23.6004
23.6968
23.7931
23.899
23.9975
24.095
24.2014
24.2944
24.3921
24.4989
24.5915
24.6911
24.797
24.8922
24.9953
25.0914
25.1969
25.297
25.3916
25.494
25.5923
25.6954
25.8005
25.8914
25.9952
26.0908
26.191
26.305
26.3945
26.4905
26.5946
26.696
26.7888
26.8886
26.9889
27.0827
27.1985
27.2872
27.3921
27.497
27.5926
27.686
27.7865
27.8901
27.9927
28.0854
28.1962
28.2872
28.3901
28.4895
28.593
28.692
28.7936
28.8916
28.9882
29.1038
29.1954
29.2889
29.3945
29.4885
29.5908
29.6963
29.7891
29.8853
30.0006
30.0855
30.19
30.2816
30.3905
30.4868
30.5864
30.6968
30.7861
30.8916
30.9908
31.0945
31.1922
31.2877
31.393
31.4933
31.5915
31.6931
31.7886
31.8965
31.9909
32.094
32.1945
32.293
32.387
32.4976
32.5912
32.6914
32.7894
32.8967
32.9936
33.091
33.1981
33.2871
33.393
33.4918
33.5899
33.6911
33.8001
33.8914
33.9892
34.0952
34.1946
34.2915
34.4059
34.4944
34.5897
34.6971
34.7931
34.891
34.9996
35.0877
35.2032
35.2906
35.3876
35.4906
35.5941
35.6892
35.7864
35.8906
35.986
36.0855
36.1981
36.2902
36.3902
36.4857
36.5851
36.6912
36.785
36.881
36.9893
37.0912
37.1802
37.2894
37.3878
37.4855
37.5936
37.6932
37.7825
37.8873
37.9883
38.0894
38.1864
38.2877
38.3902
38.485
38.5847
38.697
38.7782
38.8813
39.0002
39.0845
39.1921
39.2932
39.3908
39.4802
39.5835
39.6863
39.7851
39.8943
39.9836
40.0885
40.1847
40.2822
40.3867
40.4801
40.585
40.6877
40.7823
40.8827
40.9838
41.0852
41.186
41.2874
41.3854
41.4833
41.5866
41.6858
41.7915
41.8895
41.9811
42.0874
42.1894
42.2853
42.3968
42.4818
42.5887
42.6939
42.7913
42.8901
42.9834
43.0889
43.1885
43.2806
43.3795
43.4843
43.5863
43.6836
43.7891
43.8888
43.9989
44.0864
44.1936
44.2875
44.3925
44.4801
44.5865
44.6827
44.7857
44.8829
44.9792
45.0872
45.1936
45.2807
45.3843
45.4818
45.5897
45.6851
45.7792
45.8843
45.9862
46.0753
46.1803
46.2857
46.3818
46.479
46.5807
46.6888
46.7854
46.8782
46.9832
47.0824
47.1994
47.284
47.3808
47.4884
47.585
47.6821
47.7799
47.8815
47.9872
48.0846
48.1852
48.2783
48.3809
48.4796
48.5845
48.6832
48.7737
48.8812
48.9818
49.08
49.1788
49.2868
49.3878
49.4847
49.5808
49.6836
49.7847
49.8789
49.9878
50.0888
50.1823
50.2892
50.3821
50.4836
50.5949
50.6821
50.7857
50.8815
50.9832
51.084
51.1808
51.2831
51.3871
51.4867
51.5835
51.6906
51.7882
51.8867
51.9833
52.0862
52.1784
52.2897
52.3817
52.4842
52.59
52.677
52.779
52.8998
52.982
53.081
53.1824
53.2806
53.3735
53.4811
53.5843
53.6861
53.7811
53.9015
53.9825
54.0811
54.184
54.2838
54.3814
54.4821
54.5938
54.6844
54.7798
54.8805
54.9854
55.0761
55.1828
55.2897
55.3826
55.4815
55.5851
55.6844
55.7854
55.8827
55.9793
56.0813
56.179
56.2769
56.3864
56.4816
56.5824
56.6829
56.7845
56.8801
56.9921
57.0846
57.1823
57.2871
57.3792
57.4816
57.5847
57.6834
57.7896
57.8825
57.9856
58.0837
58.1846
58.287
58.3816
58.4865
58.5864
58.6853
58.7848
58.8844
58.9976
59.0907
59.1856
59.2973
59.3831
59.4843
59.5838
59.6893
59.7892
59.8822
59.9887
60.0894
60.1879
60.2837
60.3856
60.489
60.5949
60.6957
60.789
60.903
60.9922
61.0921
61.1854
61.2921
61.3909
61.4955
61.596
61.6968
61.7895
61.8887
61.9914
62.0922
62.1909
62.2962
62.3849
62.4924
62.5954
62.6901
62.7872
62.8885
62.9997
63.0929
63.1933
63.2908
63.3886
63.4888
63.591
63.6959
63.7938
63.8951
63.9931
64.0949
64.1926
64.2961
64.3941
64.492
64.5939
64.6984
64.7992
64.8973
65.0025
65.0956
65.1898
65.301
65.3921
65.4927
65.6
65.6972
65.8011
65.8953
65.9977
66.094
66.1981
66.2956
66.3992
66.5031
66.5987
66.7009
66.8006
66.9032
66.9941
67.0979
67.1994
67.3007
67.3954
67.5042
67.599
67.6992
67.8025
67.8994
67.9974
68.0977
68.2056
68.2974
68.4066
68.5093
68.6191
68.7037
68.8031
68.8996
69.0042
69.1005
69.2086
69.3085
69.4069
69.5067
69.6125
69.7067
69.8065
69.9026
70.0026
70.1011
70.2092
70.3105
70.4058
70.5058
70.6265
70.7096
70.8074
70.9133
71.0064
71.1098
71.2092
71.3048
71.4102
71.5174
71.607
71.7024
71.814
71.9036
72.0155
72.1038
72.2017
72.3019
72.4081
72.5035
72.6016
72.709
72.8031
72.9049
73.0066
73.1091
73.2094
73.3034
73.4074
73.505
73.6062
73.7057
73.8062
73.9082
74.0061
74.102
74.2114
74.3033
74.4061
74.507
74.605
74.7177
74.803
74.9076
75.0044
75.1115
75.2129
75.3107
75.4085
75.5162
75.6077
75.7051
75.8013
75.9103
76.0068
76.1054
76.211
76.3031
76.4025
76.5109
76.6058
76.702
76.8036
76.9089
77.0095
77.104
77.2104
77.3038
77.414
77.5156
77.6045
77.7088
77.8081
77.9106
78.0106
78.1123
78.2154
78.3079
78.4068
78.5157
78.6124
78.7104
78.8134
78.9141
79.0159
79.116
79.2098
79.3067
79.4132
79.5062
79.6171
79.7112
79.8153
79.9132
80.0141
80.1192
80.2147
80.3244
80.4173
80.5128
80.6096
80.7151
80.8108
80.9161
81.0159
81.1263
81.219
81.3122
81.4116
81.5161
81.6185
81.7162
81.8141
81.9163
82.0172
82.1151
82.2129
82.3135
82.4216
82.5171
82.6135
82.7311
82.8145
82.9133
83.0146
83.111
83.2155
83.3157
83.4196
83.5142
83.6173
83.7166
83.8131
83.9164
84.021
84.1159
84.2168
84.3252
84.4184
84.5192
84.6211
84.7154
84.8302
84.9218
85.0198
85.1202
85.2259
85.3212
85.4258
85.5194
85.6223
85.7291
85.8195
85.9301
86.0194
86.1276
86.2308
86.3223
86.4292
86.5223
86.6227
86.7255
86.8232
86.9262
87.0285
87.1252
87.2241
87.3272
87.4309
87.5281
87.6246
87.7342
87.8297
87.9295
88.028
88.1331
88.2276
88.3319
88.4298
88.5296
88.6284
88.7341
88.8396
88.9334
89.0294
89.1363
89.2353
89.3295
89.4444
89.531
89.6344
89.7344
89.8302
89.9308
90.0275
90.1328
90.2359
90.333
90.4374
90.5338
90.6364
90.7311
90.8357
90.9319
91.032
91.1409
91.2343
91.3357
91.4397
91.536
91.6391
91.7387
91.8357
91.941
92.0404
92.1443
92.2321
92.3401
92.4336
92.5381
92.6382
92.7286
92.8337
92.9318
93.0387
93.1321
93.2264
93.339
93.4311
93.5308
93.6279
93.7298
93.8381
93.9329
94.0316
94.1296
94.2272
94.325
94.4342
94.5283
94.6269
94.7295
94.8248
94.9236
95.0306
95.133
95.2365
95.3311
95.4287
95.5273
95.6361
95.7308
95.8334
95.9348
96.0326
96.1245
96.2267
96.3278
96.4305
96.5317
96.6295
96.7335
96.8299
96.9328
97.0351
97.133
97.2371
97.331
97.4268
97.533
97.626
97.7309
97.8316
97.9233
98.0432
98.1324
98.2327
98.3277
98.4294
98.524
98.6308
98.7247
98.8345
98.9279
99.0309
99.1436
99.2285
99.3354
99.4248
99.5247
99.6318
99.7251
99.8284
99.9229
100.028
100.123
100.225
100.321
100.422
100.523
100.631
100.722
100.838
100.921
101.026
101.126
101.223
101.32
101.43
101.518
101.621
101.72
101.821
101.925
102.025
102.124
102.235
102.331
102.423
102.526
102.63
102.721
102.829
102.929
103.024
103.13
103.229
103.324
103.424
103.531
103.641
103.727
103.832
103.929
104.025
104.129
104.226
104.326
104.424
104.524
104.643
104.729
104.828
104.927
105.027
105.125
105.226
105.323
105.425
105.528
105.63
105.728
105.828
105.928
106.035
106.128
106.236
106.327
106.427
106.535
106.63
106.729
106.826
106.926
107.034
107.13
107.229
107.338
107.43
107.532
107.633
107.736
107.83
107.927
108.034
108.138
108.23
108.332
108.436
108.537
108.64
108.735
108.836
108.935
109.039
109.133
109.235
109.34
109.439
109.538
109.636
109.743
109.839
109.932
110.041
110.139
110.241
