0.818411
0.919288
1.0204
1.11823
1.22479
1.32468
1.41833
1.52197
1.62329
1.72305
1.81925
1.92242
2.02107
2.11956
2.2268
2.32442
2.42388
2.52679
2.62705
2.72842
2.8266
2.93035
3.02699
3.12066
3.22013
3.32701
3.42891
3.52473
3.62498
3.7247
3.82251
3.92352
4.02415
4.12461
4.22162
4.33883
4.42344
4.53274
4.62207
4.73063
4.82929
4.92441
5.0308
5.13074
5.23102
5.33025
5.42614
5.52769
5.62445
5.73126
5.83716
5.92916
6.03053
6.13162
6.23069
6.32681
6.43714
6.53164
6.62749
6.72831
6.83451
6.92915
7.031
7.12638
7.22766
7.32682
7.43016
7.53019
7.62922
7.72929
7.8283
7.92844
8.0355
8.13459
8.23326
8.33797
8.42961
8.53099
8.62692
8.73624
8.82813
8.93298
9.03562
9.12421
9.23104
9.32828
9.43328
9.53599
9.63199
9.72885
9.84202
9.93129
10.036
10.1304
10.2368
10.3336
10.4352
10.5345
10.6329
10.737
10.8341
10.9389
11.0342
11.1392
11.2386
11.3363
11.4407
11.5391
11.6475
11.7388
11.8363
11.9392
12.0339
12.1379
12.2386
12.3376
12.4331
12.5364
12.6348
12.7395
12.8351
12.936
13.0324
13.1374
13.2386
13.3363
13.4412
13.539
13.6389
13.7481
13.8343
13.9369
14.0379
14.1426
14.235
14.346
14.4429
14.5386
14.6455
14.7372
14.8377
14.9414
15.037
15.1466
15.2423
15.3405
15.4458
15.5456
15.6374
15.7442
15.8496
15.939
16.0362
16.1454
16.2402
16.3436
16.4416
16.539
16.6382
16.7479
16.8385
16.9439
17.0408
17.1464
17.2496
17.3424
17.4378
17.5402
17.6483
17.7402
17.8446
17.9444
18.0454
18.1423
18.2425
18.3434
18.4457
18.55
18.6435
18.7388
18.8383
18.9398
19.0351
19.1416
19.2503
19.3367
19.4416
19.5424
19.6396
19.741
19.8469
19.9424
20.0352
20.1409
20.2456
20.3345
20.4442
20.5388
20.6431
20.7424
20.838
20.9395
21.0404
21.1404
21.2403
21.3378
21.4443
21.5406
21.6408
21.7418
21.8481
21.948
22.0402
22.1414
22.2412
22.3448
22.4443
22.5408
22.6436
22.7387
22.846
22.9458
23.0487
23.1478
23.2563
23.3492
23.4412
23.5439
23.6488
23.7429
23.8483
23.9497
24.0461
24.144
24.2426
24.347
24.4467
24.5524
24.6458
24.7417
24.8444
24.9493
25.0439
25.1644
25.2453
25.3454
25.4511
25.5473
25.6448
25.7441
25.851
25.9459
26.0521
26.1543
26.2453
26.3462
26.4516
26.55
26.6513
26.7508
26.85
26.9539
27.0527
27.1514
27.2506
27.3545
27.4543
27.5556
27.6613
27.7466
27.8536
27.9515
28.0516
28.1561
28.2486
28.3468
28.4552
28.5505
28.6492
28.7506
28.8561
28.9468
29.0606
29.1508
29.2504
29.3507
29.4487
29.5499
29.6499
29.7506
29.8506
29.9515
30.0515
30.1538
30.2463
30.3528
30.4464
30.5566
30.6551
30.751
30.8543
30.9484
31.0501
31.1526
31.2486
31.3433
31.4444
31.5478
31.6466
31.7539
31.8522
31.9526
32.0538
32.1481
32.2523
32.3534
32.4505
32.546
32.6633
32.7503
32.8458
32.9512
33.0504
33.1498
33.2529
33.3503
33.4571
33.5501
33.6556
33.7583
33.8555
33.9615
34.0588
34.1578
34.2575
34.3545
34.4533
34.5536
34.656
34.7515
34.8583
34.952
35.0585
35.1526
35.2551
35.3567
35.4504
35.5571
35.6529
35.7519
35.8637
35.9469
36.0688
36.1507
36.2634
36.353
36.4505
36.5598
36.652
36.7565
36.855
36.9569
37.0559
37.1565
37.2542
37.3631
37.4561
37.562
37.659
37.7544
37.8534
37.951
38.0532
38.1546
38.251
38.3544
38.4525
38.5625
38.66
38.7652
38.8576
38.9623
39.0593
39.1585
39.2687
39.3655
39.4598
39.5677
39.6638
39.7612
39.8663
39.9589
40.0596
40.1592
40.2624
40.3607
40.4572
40.5676
40.6589
40.7564
40.8552
40.9561
41.0601
41.1598
