0.0401086
0.135646
0.23709
0.341233
0.4339
0.544714
0.649433
0.739509
0.842668
0.948953
1.04972
1.14162
1.239
1.34279
1.43824
1.53937
1.63617
1.73869
1.83934
1.93939
2.04657
2.14267
2.24577
2.33895
2.46892
2.54486
2.6442
2.74666
2.84189
2.95044
3.04055
3.14295
3.24003
3.3414
3.43986
3.54207
3.64654
3.74799
3.84306
3.94382
4.0425
4.14924
4.24933
4.34736
4.45109
4.53874
4.64045
4.75374
4.84809
4.94426
5.04795
5.142
5.24499
5.35472
5.44487
5.54712
5.65229
5.7436
5.84405
5.94123
6.04218
6.14164
6.24386
6.37228
6.44611
6.553
6.64738
6.75072
6.85076
6.94867
7.04966
7.1519
7.24975
7.3517
7.45124
7.55207
7.65098
7.76545
7.85586
7.95633
8.05217
8.15319
8.2569
8.3588
8.45103
8.55596
8.65376
8.74759
8.85481
8.95273
9.0525
9.15718
9.25571
9.35239
9.45144
9.55647
9.65071
9.75241
9.85661
9.9533
10.0559
10.1523
10.2552
10.3536
10.4478
10.5534
10.6496
10.7579
10.8539
10.9563
11.0618
11.153
11.2574
11.3723
11.4581
11.552
11.6545
11.7493
11.857
11.9628
12.0567
12.1555
12.2688
12.353
12.4637
12.5594
12.6524
12.7627
12.855
12.9545
13.0582
13.1536
13.2596
13.3573
13.4515
13.5548
13.6552
13.7491
13.8506
13.9567
14.0556
14.1563
14.2559
14.3555
14.4532
14.5561
14.6715
14.7593
14.8598
14.9561
15.0551
15.1613
15.2584
15.3791
15.4674
15.5538
15.6533
15.7613
15.8608
15.9613
16.0586
16.1542
16.255
16.3598
16.4627
16.5599
16.6583
16.7649
16.8586
16.9594
17.0617
17.1609
17.2622
17.365
17.4569
17.5539
17.6713
17.7594
17.8568
17.954
18.0548
18.1614
18.2517
18.3567
18.454
18.5567
18.6546
18.7589
18.8512
18.9581
19.057
19.1604
19.2606
19.3595
19.4588
19.5633
19.6655
19.7621
19.8525
19.96
20.0576
20.1604
20.258
20.3558
20.4558
20.5636
20.6546
20.7627
20.8596
20.9573
21.0568
21.1602
21.2618
21.363
21.4634
21.5572
21.6607
21.7601
21.8613
21.9587
22.0643
22.1657
22.2594
22.3635
22.4617
22.5667
22.6645
22.761
22.861
22.9615
23.06
23.16
23.2604
23.3606
23.467
23.5611
23.6612
23.762
23.8723
23.9633
24.0608
24.1629
24.261
24.3636
24.4622
24.5572
24.673
24.7633
24.8673
24.962
25.0579
25.1672
25.2615
25.3565
25.459
25.5651
25.6606
25.7649
25.8605
25.964
26.0581
26.1607
26.2565
26.3632
26.461
26.5583
26.6582
26.7576
26.8618
26.9621
27.0567
27.1633
27.2581
27.3567
27.4548
27.5593
27.6604
27.7591
27.8559
27.9586
28.0574
28.1569
28.2645
28.361
28.456
28.5521
28.661
28.7632
28.857
28.9621
29.0569
29.157
29.2548
29.3536
29.4634
29.5535
29.6537
29.7526
29.8593
29.9539
30.0552
30.1559
30.2507
30.3585
30.4578
30.5576
30.6627
30.755
30.8604
30.9577
31.0564
31.1718
31.2545
31.3578
31.4574
31.5606
31.6672
31.7666
31.8663
31.9615
32.0638
32.1653
32.2866
32.3665
32.4597
32.5643
32.6618
32.7599
32.8599
32.9569
33.0689
33.158
33.255
33.3588
33.4571
33.5528
33.6561
33.7529
33.8626
33.9578
34.055
34.1557
34.2615
34.3561
34.4621
34.5589
34.6607
34.7633
34.8573
34.9579
35.0558
35.158
35.2828
35.37
35.4612
35.5537
35.6538
35.7557
35.8534
35.9577
36.0582
36.1608
36.2604
36.3582
36.4644
36.5645
36.6597
36.7604
36.858
36.9596
37.0626
37.1604
37.2636
37.3612
37.4636
37.5594
37.6575
37.7571
37.8635
37.9565
38.0667
38.1611
38.2679
38.3587
38.4553
38.557
38.6555
38.7561
38.8588
38.9528
39.0551
39.1593
39.2549
39.3606
39.4552
39.5597
39.6577
39.7586
39.8619
39.9614
40.0677
40.162
40.2553
40.3605
40.4575
40.5574
40.6591
40.7566
40.8579
40.9574
41.0568
41.1614
41.2735
41.348
41.4536
41.5465
41.66
41.7482
41.8443
41.9456
42.0452
42.15
42.2449
42.3429
42.4469
42.548
42.6504
42.7509
42.8535
42.9468
43.064
43.148
43.2492
43.3477
43.4469
43.5589
43.6482
43.746
43.8421
43.9416
44.0476
44.1456
44.2387
44.345
44.4351
44.545
44.6446
44.743
44.8379
44.9358
45.0438
45.1478
45.2444
45.3472
45.4372
45.5418
45.6459
45.7395
45.8392
45.9502
46.047
46.144
46.2494
46.3459
46.444
46.5456
46.6488
