0.225397
0.346964
0.431784
0.53831
0.635309
0.733906
0.835329
0.936338
1.03353
1.13908
1.23808
1.34312
1.43392
1.5343
1.63517
1.73402
1.83484
1.93616
2.03446
2.15859
2.23004
2.34008
2.43801
2.53409
2.64257
2.73813
2.83593
2.94982
3.03395
3.13727
3.23769
3.33813
3.43993
3.53933
3.63417
3.74063
3.83565
3.93489
4.03551
4.13773
4.24142
4.34627
4.43706
4.54677
4.64967
4.74636
4.84111
4.94177
5.04578
5.14886
5.24923
5.34634
5.44338
5.548
5.6554
5.74724
5.84704
5.95081
6.04649
6.14972
6.24777
6.34271
6.4586
6.54601
6.64482
6.74294
6.84059
6.94697
7.03997
7.14195
7.23662
7.33954
7.5449
7.64744
7.7578
7.84161
7.952
8.04733
8.14358
8.24062
8.35125
8.44962
8.54315
8.64344
8.74116
8.84384
8.94477
9.04383
9.14692
9.24624
9.34532
9.44025
9.55135
9.65244
9.75467
9.84617
9.94226
10.0439
10.1507
10.2435
10.3528
10.4497
10.5543
10.6485
10.7446
10.8541
10.9455
11.0427
11.1588
11.2428
11.3487
11.447
11.5585
11.6504
11.7435
11.8541
11.9548
12.0437
12.1485
12.244
12.3466
12.445
12.5449
12.6484
12.7448
12.849
12.9506
13.0448
13.1457
13.2432
13.3549
13.4472
13.5446
13.6493
13.8659
13.9485
14.0598
14.1496
14.2519
14.3455
14.4551
14.5476
14.6497
14.7498
14.8498
14.9452
15.0531
15.1501
15.2569
15.3488
15.4571
15.5491
15.6505
15.7438
15.8504
15.9495
16.049
16.15
16.2608
16.3548
16.4578
16.5552
16.6498
16.7514
16.8565
16.9575
17.0569
17.1479
17.2551
17.3614
17.4519
17.5539
17.6521
17.7615
17.855
17.9496
18.0543
18.1545
18.2544
18.3544
18.4591
18.5571
18.6593
18.7498
18.8472
18.948
19.0513
19.1486
19.2556
19.3509
19.4468
19.5517
19.6515
19.7465
19.8481
19.9551
20.0457
20.1562
20.2465
20.3504
20.4512
20.5483
20.6528
20.7485
20.8564
20.9474
21.0555
21.1499
21.2505
21.3545
21.4609
21.5471
21.6477
21.7526
21.8516
21.9461
22.0573
22.1485
22.2564
22.3546
22.4531
22.5473
22.6476
22.7462
22.845
22.9493
23.0498
23.1514
23.2529
23.3516
23.4632
23.5551
23.647
23.7686
23.8549
23.9552
24.0527
24.1515
24.2589
24.3555
24.4608
24.5498
24.6463
24.758
24.8502
24.9463
25.0487
25.1545
25.253
25.3546
25.4567
25.5674
25.6491
25.7501
25.8567
25.9495
26.0553
26.1491
26.2528
26.3507
26.4443
26.5588
26.6483
26.7498
26.8515
26.9467
27.0512
27.1465
27.2508
27.3514
27.4518
27.5503
27.65
27.7532
27.8552
27.9536
28.0567
28.1538
28.255
28.358
28.4538
28.5581
28.6555
28.7549
28.8554
28.9546
29.0527
29.1544
29.2596
29.3535
29.4502
29.5535
29.6509
29.7502
29.864
29.9581
30.0549
30.1515
30.2588
30.3691
30.4558
30.5579
30.6526
30.759
30.8612
30.9611
31.0583
31.1637
31.2629
31.3585
31.4612
31.5619
31.6659
31.756
31.8583
31.9543
32.0566
32.1611
32.2571
32.3595
32.4571
32.5584
32.6523
32.7578
32.8584
32.9588
33.0525
33.1567
33.2558
33.3623
33.4507
33.5576
33.6554
33.7612
33.8521
33.9582
34.0583
34.1609
34.2535
34.3549
34.4555
34.5522
34.6526
34.763
34.8582
34.9584
35.0577
35.1516
35.2505
35.3527
35.4568
35.5544
35.6504
35.7531
35.8535
35.9476
36.0634
36.1602
36.2495
36.3529
36.4573
36.5537
36.653
36.7572
36.8535
36.9543
37.0565
37.1492
37.257
37.3559
37.4561
37.5608
37.6549
37.7567
37.8543
37.9513
38.0669
38.1555
38.2662
38.3582
38.4631
38.5575
38.658
38.7583
38.8554
38.9576
39.0557
39.1654
39.265
39.3574
39.4551
39.5606
39.6545
39.756
39.8581
39.9578
40.0573
40.1526
40.2559
40.356
40.4544
40.5515
40.6555
40.7585
40.8521
40.9588
41.0602
41.1606
41.2553
41.3553
41.4548
41.5602
41.6602
41.7692
41.8576
41.9583
42.0585
42.1597
42.2566
42.3592
42.4638
42.564
42.6627
42.764
42.8587
42.964
43.0669
43.1646
43.2584
43.3622
43.4666
43.5657
43.6639
43.7688
43.8652
43.9684
44.065
44.1663
44.2702
44.3652
44.4722
44.5666
44.6616
44.766
44.8666
44.9703
45.0693
45.1669
45.2727
45.3671
45.4679
45.5688
45.6749
45.7743
45.8658
45.9724
46.0676
46.1748
46.2763
46.378
46.4766
46.5704
46.6703
46.7897
46.8817
46.9711
47.073
47.182
47.2762
47.3773
47.4735
47.5719
47.6753
47.7762
47.8732
47.9717
48.0713
48.1825
48.2753
48.3725
