0.0715558
0.168488
0.273269
0.372154
0.47654
0.574004
0.671357
0.775334
0.8704
0.979026
1.07095
1.17708
1.27826
1.3753
1.47098
1.58032
1.67374
1.77109
1.87734
1.9786
2.07821
2.17519
2.28809
2.37528
2.47417
2.57141
2.6773
2.78266
2.87755
2.98656
3.07068
3.16959
3.26546
3.36731
3.46581
3.56965
3.67093
3.766
3.87332
3.96772
4.07346
4.1709
4.26839
4.3694
4.48326
4.57128
4.67102
4.76861
4.87183
4.97348
5.07354
5.17091
5.27341
5.37623
5.47053
5.58794
5.67344
5.77261
5.87869
5.98071
6.07584
6.17779
6.28138
6.37624
6.47332
6.57709
6.68317
6.79043
6.87459
6.9848
7.0805
7.18219
7.27725
7.3813
7.48585
7.58681
7.68117
7.79169
7.88754
7.9919
8.08762
8.18514
8.28694
8.38322
8.47918
8.58562
8.68644
8.79522
8.88604
8.98567
9.0857
9.18815
9.28699
9.38704
9.48458
9.58966
9.7029
9.78916
9.898
9.98738
10.0872
10.1877
10.2845
10.3866
10.4835
10.5897
10.6851
10.7972
10.8945
10.9841
11.0924
11.1898
11.2912
11.389
11.492
11.5994
11.6952
11.7967
11.8931
11.9932
12.0958
12.2
12.2956
12.3994
12.4934
12.595
12.6922
12.7953
12.8931
12.9859
13.096
13.1871
13.2893
13.3934
13.4881
13.5888
13.6968
13.78
13.8809
13.9817
14.0859
14.1823
14.2908
14.3885
14.4815
14.5855
14.6852
14.7893
14.8837
14.9888
15.0885
15.1825
15.287
15.395
15.4852
15.5908
15.6907
15.7837
15.8904
15.9909
16.0942
16.1975
16.284
16.3871
16.4995
16.5848
16.6936
16.7905
16.8867
16.9902
17.084
17.1828
17.2907
17.3884
17.4934
17.5907
17.6852
17.7878
17.8852
17.9818
18.0986
18.1804
18.283
18.3894
18.4837
18.5819
18.6832
18.7789
18.8896
18.9852
19.0881
19.1815
19.2887
19.3901
19.4864
19.5821
19.6869
19.7912
19.884
19.9911
20.0856
20.1898
20.2902
20.3873
20.4881
20.5909
20.6876
20.797
20.8896
20.9926
21.092
21.1899
21.2857
21.3907
21.493
21.5917
21.6892
21.7894
21.8895
21.987
22.0874
22.1874
22.2933
22.3872
22.4933
22.5903
22.6864
22.7883
22.8879
22.9881
23.0916
23.1874
23.2843
23.3831
23.4913
23.5913
23.6863
23.7862
23.8913
23.9856
24.0864
24.1879
24.2889
24.388
24.4869
24.5893
24.6917
24.7894
24.8866
24.9909
25.0908
25.1925
25.2888
25.3868
25.4853
25.5889
25.6863
25.7931
25.8964
25.9877
26.092
26.1913
26.2935
26.3885
26.4914
26.5936
26.6945
26.7845
26.8877
26.9927
27.0996
27.1941
27.2915
27.3941
27.491
27.5899
27.6928
27.7867
27.8939
27.9947
28.0864
28.1821
28.2858
28.3878
28.4871
28.5949
28.6881
28.7876
28.8817
28.9874
29.0879
29.1848
29.2856
29.3845
29.4897
29.5908
29.6918
29.7905
29.8826
29.987
30.0921
30.1893
30.2826
30.3978
30.4902
30.5877
30.685
30.7918
30.8886
31
31.089
31.1858
31.3044
31.3861
31.4867
31.5886
31.6872
31.7812
31.8997
31.9873
32.092
32.1867
32.2877
32.3886
32.4894
32.5898
32.6898
32.787
32.8921
32.992
33.0868
33.1942
33.2914
33.3905
33.4901
33.59
33.6844
33.7939
33.8859
33.9843
34.0879
34.1925
34.2897
34.3908
34.495
34.5975
34.6908
34.7954
34.8952
34.9955
35.0913
35.1942
35.2935
35.3932
35.4937
35.5943
35.6916
35.8023
35.8984
35.9984
36.093
36.2056
36.2991
36.3948
36.5154
36.5954
36.6966
36.7953
36.8949
36.9997
37.0936
37.1985
37.3165
37.4054
37.5043
37.5992
37.7051
37.8025
37.9034
38.0088
38.1066
38.2034
38.3115
38.4025
38.5033
38.6059
38.7108
38.8094
38.9117
39.0121
39.1075
39.2071
39.3069
39.406
39.5101
39.6073
39.7087
39.8053
39.9044
40.0094
40.1084
40.2062
40.3032
40.4077
40.5092
40.6106
40.7048
40.808
40.9114
41.0154
41.1058
41.2094
41.3181
41.4086
41.5078
41.6058
41.7057
41.8061
41.9063
42.009
42.1198
42.2082
42.3111
42.4183
42.5115
42.6087
42.7151
42.8117
42.9098
43.0088
43.1133
43.2154
43.3098
43.4118
43.5118
43.6134
43.7143
43.8113
43.9116
44.0141
44.1177
44.2131
44.3102
44.4098
44.5101
44.6084
44.7069
44.812
44.9189
45.009
45.113
45.2096
45.3107
45.4112
45.5171
45.6118
45.7153
45.807
45.9131
46.0148
46.1106
46.2192
46.3092
46.415
46.5115
46.6162
46.7244
46.812
46.9113
47.0245
47.1148
47.2208
47.3161
47.4167
47.514
47.617
47.719
47.8124
47.9134
48.0138
48.1133
48.2119
48.3134
48.4197
48.5163
48.6269
48.7195
48.814
48.9217
49.0154
49.1175
49.2267
49.3142
49.4208
49.5192
49.6183
49.7239
49.8193
49.9199
50.0171
50.119
50.2201
50.3259
50.4168
50.5157
50.6199
50.7214
50.8191
50.9222
51.0188
51.1293
51.2196
51.3199
51.4281
51.5194
51.6167
51.7248
51.82
51.9236
52.0215
52.1246
52.2249
52.3218
52.4242
52.5187
52.6256
52.7315
52.8295
52.9206
53.0187
53.1255
53.2207
53.3248
53.427
53.5202
53.6229
53.726
53.8295
53.9234
54.0186
54.1229
54.2229
54.3164
54.4223
54.5175
54.6287
54.7178
54.8277
54.9262
55.022
55.1252
55.2265
55.3208
55.4294
55.523
55.6255
55.7285
55.824
55.9311
56.0325
56.1242
56.2341
56.3386
56.4291
56.5344
56.6318
