0.394737
0.498115
0.594196
0.694777
0.802678
0.899101
0.997345
1.09517
1.19845
1.30228
1.40755
1.49667
1.79908
1.90849
2.0039
2.10227
2.20581
2.30496
2.40111
2.50812
2.60667
2.70353
2.80831
2.91159
3.01056
3.10801
3.21079
3.31403
3.41966
3.5137
3.61236
3.7112
3.81181
3.91162
4.01103
4.1157
4.21567
4.3101
4.41153
4.51266
4.60885
4.7162
4.81752
4.9158
5.0193
5.11552
5.21213
5.31997
5.4184
5.51949
5.6304
5.7218
5.81515
5.9202
6.02004
6.12086
6.22333
6.31934
6.42533
6.52326
6.62172
6.72784
6.8234
6.92342
7.02612
7.12557
7.22205
7.33147
7.42433
7.52306
7.62736
7.72986
7.82639
7.93069
8.02995
8.12801
8.23564
8.33254
8.43059
8.53272
8.63591
8.72923
8.8363
8.93403
9.03397
9.13866
9.23639
9.33598
9.43895
9.53856
9.63623
9.74077
9.83758
9.93685
10.0447
10.1422
10.2388
10.3444
10.4416
10.5419
10.6449
10.7459
10.8407
10.9458
11.0426
11.1433
11.2484
11.3461
11.4467
11.5511
11.65
11.7459
11.8514
11.9531
12.0501
12.1536
12.2501
12.349
12.4549
12.6554
12.7538
12.8604
12.9564
13.0521
13.1581
13.2588
13.3567
13.4583
13.5545
13.6519
13.7505
13.8571
13.959
14.0569
14.1519
14.2585
14.3525
14.4666
14.561
14.6567
14.7606
14.8604
14.9612
15.0634
15.1649
15.2583
15.36
15.4659
15.5599
15.6671
15.7683
15.8644
15.9641
16.0665
16.1688
16.263
16.3664
16.4688
16.5697
16.6653
16.7683
16.8705
16.9661
17.072
17.1699
17.2665
17.3726
17.47
17.5676
17.6736
17.7736
17.8673
17.9738
18.0728
18.1672
18.2779
18.3761
18.4702
18.5738
18.6751
18.7728
18.8776
18.977
19.0711
19.1763
19.2775
19.3749
19.4765
19.5781
19.678
19.7799
19.8791
19.9802
20.0891
20.1774
20.276
20.3816
20.48
20.5785
20.6813
20.784
20.8817
20.9819
21.0852
21.1781
21.2883
21.387
21.4823
21.5882
21.6867
21.7881
21.8874
21.9875
22.0874
22.1872
22.2901
22.3859
22.4949
22.5936
22.6919
22.7907
22.8916
22.9943
23.0926
23.1898
23.294
23.3934
23.4891
23.5952
23.6925
23.7915
23.8951
23.9957
24.0934
24.1988
24.2981
24.3949
24.4992
24.6001
24.6954
24.8015
24.9009
24.9971
25.1002
25.2005
25.2982
25.4088
25.504
25.5992
25.7043
25.8054
25.8996
26.0055
26.1048
26.2033
26.3089
26.4086
26.504
26.6076
26.7092
26.8083
26.9114
27.0101
27.1052
27.2122
27.3116
27.4096
27.5118
27.6129
27.7119
27.8093
27.9152
28.0149
28.1176
28.214
28.3167
28.4129
28.5126
28.6178
28.7174
28.8136
28.9179
29.0198
29.1154
29.2171
29.3194
29.4183
29.5217
29.6199
29.7161
29.8231
29.9216
30.021
30.1211
30.2249
30.3225
30.4226
30.5251
30.6242
30.725
30.8282
30.9278
31.0218
31.1286
31.2278
31.3249
31.4243
31.531
31.6307
31.7294
31.8318
31.9302
32.0323
32.1346
32.2332
32.3298
32.4369
32.5336
32.6341
32.7361
32.8381
32.9348
33.0386
33.1388
33.2364
33.3423
33.4401
33.5396
33.6453
33.7433
33.8414
33.9471
34.0461
34.1418
34.2455
34.3475
34.4458
34.5509
34.6475
34.7474
34.8528
34.9468
35.046
35.1489
35.2511
35.3491
35.4496
35.5493
35.6483
35.7509
35.8518
35.9513
36.0552
36.1538
36.2494
36.3535
36.455
36.5542
36.6541
36.7545
36.8561
36.9593
37.0582
37.1529
37.2618
37.3596
37.4616
37.5564
37.6589
37.7563
37.8576
37.9597
38.0574
38.1576
38.2674
38.3608
38.4674
38.563
38.6632
38.7662
38.8641
38.9618
39.0696
39.1666
39.2603
39.3702
39.4649
39.5614
39.6689
39.7709
39.8637
39.9747
40.0701
40.1648
40.2715
40.3676
40.4639
40.5704
40.669
40.7664
40.8703
40.9711
41.0667
41.1746
41.2725
41.3692
41.4752
41.575
41.6717
41.7765
41.8746
41.9749
42.0796
42.176
42.2737
42.3806
42.4818
42.5766
42.6824
42.7827
42.8765
42.9838
43.0847
43.1795
43.2827
43.3797
43.4823
43.5871
43.6879
43.7826
43.8889
43.9869
44.0832
44.1849
44.2885
44.3877
44.49
44.5892
44.6866
44.7937
44.8907
44.9897
45.0936
45.1922
45.2876
45.3956
45.4937
45.5909
45.6942
45.794
45.8902
45.9964
46.0959
46.1912
46.2989
46.3962
46.4982
46.6003
46.702
46.7975
46.8994
47.002
47.0986
47.2052
47.3034
47.3999
47.5064
47.6033
47.7033
47.8041
47.9062
