0.0158158
0.13057
0.215743
0.320877
0.419424
0.522213
0.625996
0.726228
0.820823
0.922847
1.02297
1.11917
1.22351
1.32395
1.41867
1.5265
1.62442
1.72147
1.83323
1.93036
2.02356
2.12961
2.22908
2.32466
2.43
2.52342
2.62707
2.73337
2.83092
2.9356
3.029
3.12994
3.23004
3.32961
3.42919
3.5346
3.63136
3.73349
3.83103
3.93096
4.03305
4.13207
4.23188
4.33078
4.42771
4.54406
4.63524
4.74015
4.83003
4.94084
5.03756
5.13541
5.2375
5.33046
5.43279
5.5317
5.63228
5.73694
5.83526
5.94028
6.03826
6.14436
6.24502
6.33749
6.4344
6.54072
6.64215
6.74548
6.8523
6.94237
7.03828
7.13905
7.24257
7.34157
7.44265
7.53981
7.64373
7.7434
7.84107
7.94708
8.04455
8.14679
8.2629
8.34462
8.45638
8.54755
8.64377
8.74733
8.84729
8.94397
9.04424
9.14456
9.25531
9.35497
9.44905
9.55191
9.656
9.75024
9.86715
9.9598
10.0537
10.1587
10.2538
10.3517
10.4497
10.5422
10.6517
10.7515
10.8489
10.9463
11.0483
11.1453
11.2488
11.3482
11.4582
11.5569
11.6533
11.7498
11.8496
11.9567
12.0521
12.152
12.2495
12.3534
12.4612
12.5541
12.6689
12.7496
12.8467
12.9589
13.0527
13.1475
13.2532
13.354
13.447
13.5514
13.647
13.7562
13.8562
13.9509
14.0525
14.1585
14.256
14.354
14.4635
14.5527
14.6516
14.7566
14.8536
14.9628
15.0445
15.1455
15.25
15.3565
15.4456
15.5638
15.6553
15.7665
15.8549
15.9511
16.0543
16.1568
16.2502
16.3526
16.4613
16.5582
16.6597
16.7517
16.8549
16.9571
17.0601
17.1556
17.2601
17.3604
17.4644
17.5706
17.661
17.7549
17.8627
17.9643
18.0637
18.1621
18.2587
18.3677
18.4588
18.5748
18.6671
18.7674
18.8663
18.966
19.0671
19.1672
19.2627
19.3662
19.4732
19.5681
19.766
19.8696
19.9666
20.0718
20.1839
20.2642
20.3718
20.466
20.5676
20.6694
20.7745
20.8746
20.9704
21.0693
21.1815
21.2753
21.3676
21.4701
21.5721
21.6789
21.7685
21.8728
21.9678
22.0735
22.1729
22.2733
22.3699
22.4709
22.5752
22.6799
22.7717
22.88
22.9705
23.0727
23.1823
23.2813
23.3747
23.4765
23.5792
23.6778
23.7776
23.8761
23.9746
24.0796
24.1758
24.277
24.3818
24.4751
24.5744
24.6844
24.7788
24.8815
24.9839
25.0864
25.181
25.2817
25.3772
25.4779
25.5804
25.6827
25.781
25.8862
25.9844
26.0821
26.1919
26.2857
26.3811
26.4816
26.5837
26.6813
26.7792
26.8795
26.9822
27.0894
27.185
27.2846
27.3856
27.4821
27.5849
27.6866
27.7959
27.8846
27.9896
28.0915
28.1894
28.2907
28.3947
28.4946
28.5915
28.6934
28.7918
28.8917
28.9921
29.0972
29.195
29.2949
29.3952
29.4939
29.5981
29.698
29.8
29.9002
29.9984
30.0996
30.1965
30.3009
30.4
30.5018
30.5994
30.6998
30.7999
30.901
31.0008
31.1047
31.2011
31.3008
31.4052
31.4983
31.6032
31.7114
31.8069
31.9046
32.0051
32.1045
32.2011
32.3059
32.412
32.5042
32.6211
32.7055
32.811
32.9082
33.0095
33.1097
33.2068
33.3093
33.4128
33.5067
33.6132
33.706
33.8124
33.9074
34.0112
34.1164
34.2095
34.3056
34.4098
34.5123
34.6071
34.7131
