0.0695229
0.178691
0.275042
0.374627
0.477969
0.57914
0.677343
0.779144
0.878919
0.979742
1.07994
1.17993
1.27974
1.37932
1.4826
1.58323
1.68437
1.78422
1.88362
1.98549
2.08622
2.18244
2.29079
2.38672
2.48898
2.58407
2.68712
2.7847
2.88518
2.98275
3.08955
3.18894
3.29115
3.39071
3.49248
3.5919
3.69233
3.7906
3.89451
3.99224
4.09529
4.19512
4.29675
4.3982
4.49784
4.59633
4.69773
4.79675
4.89982
4.99983
5.09966
5.19879
5.30298
5.40215
5.50315
5.60302
5.70105
5.80607
5.90604
6.00782
6.10373
6.20477
6.30328
6.40616
6.50563
6.60631
6.70823
6.81093
6.90707
7.00554
7.10564
7.20869
7.3095
7.41149
7.50777
7.61073
7.70966
7.8133
7.91403
8.01513
8.11245
8.2153
8.3156
8.4115
8.51326
8.6163
8.71564
8.81959
8.91925
9.01764
9.12385
9.22167
9.3216
9.42316
9.52035
9.62279
9.71923
9.82255
9.92379
10.022
10.1222
10.2202
10.3238
10.4231
10.5241
10.6249
10.7259
10.8256
10.9252
11.0295
11.1274
11.227
11.329
11.4289
11.5286
11.6326
11.7307
11.8277
11.9294
12.0351
12.13
12.2354
12.3309
12.4321
12.5338
12.6335
12.7351
12.8402
12.9374
13.0354
13.1381
13.2364
13.3368
13.4395
13.5397
13.6383
13.7376
13.8394
13.9378
14.0411
14.1397
14.2393
14.3423
14.4417
14.5419
14.6407
14.7452
14.8441
14.9459
15.0453
15.1447
15.2416
15.3469
15.4459
15.5461
15.6504
15.7486
15.8468
15.9516
16.0492
16.1486
16.2481
16.3495
16.4487
16.553
16.652
16.7504
16.8517
16.9546
17.0507
17.1527
17.2563
17.3548
17.4589
17.5549
17.6537
17.7552
17.8571
17.9546
18.0572
18.155
18.258
18.3588
18.4613
18.5606
18.6605
18.758
18.8621
18.9601
19.0614
19.1639
19.263
19.3589
19.4677
19.5639
19.6652
19.7596
19.8666
19.9646
20.0671
20.162
20.2668
20.3677
20.4671
20.5749
20.663
20.7684
20.8674
20.9671
21.0683
21.1684
21.28
21.3614
21.4655
21.5671
21.6672
21.7644
21.8654
21.9689
22.0767
22.17
22.2706
22.3686
22.4695
22.5639
