0.267908
0.372937
0.471168
0.568905
0.671334
0.774798
0.864894
0.972775
1.06755
1.17683
1.26858
1.37284
1.47652
1.574
1.67639
1.76941
1.86991
1.9766
2.07496
2.17273
2.27652
2.37872
2.4757
2.579
2.67747
2.77622
2.87664
2.97944
3.07559
3.17938
3.2808
3.37832
3.47965
3.58155
3.6798
3.78185
3.88336
3.98187
4.08693
4.18489
4.28329
4.38636
4.48668
4.58315
4.68516
4.78621
4.88342
4.98819
5.08741
5.19062
5.29164
5.39061
5.49062
5.58859
5.69237
5.79082
5.89092
5.99694
6.09383
6.1965
6.29736
6.39727
6.49675
6.60112
6.70074
6.80039
6.8954
6.99456
7.09629
7.19865
7.29483
7.40254
7.50237
7.59834
7.70622
7.80102
7.90175
8.00336
8.10431
8.20624
8.30459
8.40201
8.50727
8.60593
8.70702
8.81044
8.91178
9.00918
9.11236
9.2133
9.30869
9.41529
9.51147
9.61273
9.71934
9.81629
9.91057
10.0163
10.1143
10.2144
10.3173
10.4176
10.5155
10.6151
10.7197
10.8149
10.9184
11.0154
11.1171
11.2289
11.3195
11.4201
11.5215
11.6182
11.7214
11.8216
11.9225
12.031
12.1256
12.2224
12.3252
12.4281
12.5233
12.6242
12.727
12.823
12.9285
13.027
13.1211
13.2338
13.327
13.4208
13.5293
13.6308
13.7274
13.8288
13.9297
14.0263
14.1312
14.2287
14.3282
14.4306
14.5314
14.6304
14.7312
14.8345
14.9311
15.0372
15.137
15.2301
15.3324
15.4366
15.5339
15.6387
15.7376
15.8371
15.9393
16.0409
16.1422
16.2394
16.3412
16.4409
16.5398
16.6428
16.7428
16.8441
16.9394
17.0459
17.1469
17.2416
17.3447
17.4464
17.5413
17.6472
17.7456
17.8446
17.949
18.0446
18.145
18.2497
18.3477
18.4453
18.5485
18.6486
18.7467
18.8491
18.9506
19.0496
19.1505
19.2546
19.3517
19.4519
19.5539
19.6536
19.7564
19.8541
19.9532
20.0585
20.1585
20.2529
20.3597
20.4582
20.5578
20.6586
20.7592
20.857
20.9575
21.058
21.1598
21.2654
21.361
21.4548
21.5648
21.6591
21.7577
21.8635
21.9632
22.063
22.1624
22.2637
22.3659
22.4655
22.5669
22.6653
22.7605
22.8656
22.9668
23.066
23.163
23.2709
23.363
23.4669
23.5815
23.6689
23.7669
23.8679
23.9699
24.0696
24.1683
24.273
24.3723
24.4713
24.5736
24.6749
24.7775
24.8753
24.976
25.0792
25.1781
25.279
25.3791
25.4772
25.5796
25.68
25.779
25.8805
25.9822
26.0796
26.1864
26.2791
26.3783
26.4812
26.5815
26.6827
26.7826
26.8847
26.9838
27.0843
27.1822
27.2883
27.3836
27.4837
27.588
27.6857
27.7805
27.8862
27.9849
28.0854
28.1868
28.2867
28.3836
28.4919
28.5902
28.6865
28.7912
28.8911
28.9866
29.0911
29.1906
29.2872
29.393
29.4939
29.5947
29.6939
29.7944
29.8943
29.9935
30.0963
30.1962
30.2938
30.3964
30.498
30.5969
30.6967
30.7988
30.8976
30.9928
31.1002
31.1977
31.2946
31.4006
31.4985
31.5963
31.7014
31.8014
31.8967
32.0059
32.1011
32.1988
32.3064
32.4022
32.4985
32.6051
32.7037
32.8007
32.9045
33.0041
33.1003
33.2055
33.3039
33.4025
33.5061
33.6043
33.705
33.8092
33.9087
34.0061
34.1076
34.2104
34.3073
34.4149
34.5111
34.6098
34.7134
34.8125
34.9094
35.0113
35.1158
35.2096
35.3158
35.4123
35.5132
35.6174
35.7161
35.8156
35.9174
36.0188
36.1137
36.2195
36.319
36.4195
36.5215
36.6219
36.7217
36.8269
36.9229
37.0238
37.1246
37.2215
37.3237
37.4271
37.5273
37.6227
37.7302
37.8287
37.9266
38.027
38.1294
38.228
38.3284
38.4327
38.5278
38.6277
38.7286
38.8337
38.9327
39.0313
39.1281
39.2319
39.3323
39.431
39.5346
39.6332
39.7329
39.8354
39.9366
40.0396
40.1373
40.2395
40.3393
40.4374
40.5379
40.6402
40.7355
40.8379
40.9464
41.0431
41.1405
41.2456
41.3436
41.4412
41.5427
41.6474
41.7411
41.8413
41.9417
42.0453
42.1456
42.2431
42.3432
42.4437
42.5465
42.6466
42.7471
42.8482
42.9448
43.0506
43.1468
43.2456
43.3477
43.4501
43.5471
43.6497
43.7492
43.8493
43.9493
44.0518
44.1504
44.2485
44.3512
44.4543
44.5545
44.6532
44.7536
44.8553
44.9552
45.0605
45.1565
45.2504
45.358
45.4551
45.554
45.6585
45.76
45.857
45.9591
46.0602
46.1593
46.2602
46.3609
46.4613
46.565
46.6637
46.7611
46.8637
46.9611
47.0617
47.1665
47.2662
47.3629
47.4689
47.5675
47.6688
47.7702
47.8722
47.9682
48.0704
48.1723
48.2688
48.3757
48.4724
48.5712
48.6728
48.7733
48.8747
48.9764
49.0765
49.1744
49.277
49.378
49.4762
49.5755
49.6787
49.7795
49.8806
49.9814
50.0782
50.1805
50.2795
50.3791
50.4819
50.5823
50.6813
50.7846
50.8833
50.9815
51.0858
51.1861
51.2862
51.385
51.492
51.5891
51.6893
51.7885
51.8888
51.9911
52.0932
52.1902
52.2924
52.3889
52.491
52.593
52.6943
52.7901
52.8979
52.9925
53.0936
53.1935
53.2968
53.3961
53.4999
53.5998
53.6973
53.7976
53.899
53.9978
54.1007
54.2015
54.2975
54.404
54.5045
54.6016
54.7029
54.8037
54.9009
55.0053
55.1069
55.205
55.3077
55.4057
55.507
55.6112
55.7115
55.8055
55.9127
56.0096
56.1091
56.2121
56.315
56.4134
56.5151
56.6156
56.7156
56.8144
56.9167
57.0147
57.1188
57.218
57.3186
57.416
57.5204
57.6196
57.7205
57.8237
57.9232
58.0226
58.125
58.2233
58.3202
58.4263
58.5273
58.6225
58.726
58.8281
58.9281
59.0278
59.13
59.2313
59.3308
59.4268
59.5348
59.6299
59.7311
59.8312
59.9328
60.0338
60.1309
60.2325
60.3345
60.4349
60.5359
60.635
60.7328
60.8408
60.9403
61.0406
61.142
61.2406
61.3385
61.4394
61.5416
61.6416
61.7413
61.843
61.942
62.0419
62.1433
62.2429
62.3424
62.5454
62.6493
62.7483
62.8482
62.9472
63.0503
63.151
63.2526
63.3509
63.4533
63.5539
63.6511
63.7538
63.8523
