0.0527124
0.163564
0.256285
0.363175
0.461251
0.560226
0.663826
0.763638
0.858097
0.96019
1.06124
1.16234
1.25837
1.36173
1.46039
1.5609
1.66062
1.75874
1.86131
1.96231
2.0634
2.16807
2.26599
2.36693
2.4637
2.56327
2.66797
2.76824
2.86447
3.00237
3.06757
3.18187
3.26958
3.36516
3.47102
3.56232
3.67698
3.76606
3.86571
3.96552
4.06768
4.16518
4.26783
4.37524
4.46661
4.57869
4.67131
4.76553
4.87854
4.96568
5.07152
5.17448
5.2728
5.36915
5.46631
5.5719
5.67243
5.77571
5.87896
5.97641
6.07195
6.17297
6.27178
6.36974
6.47222
6.57209
6.67774
6.7779
6.87394
6.96937
7.07357
7.17322
7.27959
7.37107
7.46925
7.5784
7.66976
7.77315
7.88238
7.97485
8.07405
8.1697
8.27912
8.37561
8.4722
8.57714
8.67686
8.77383
8.87421
8.97658
9.07644
9.17388
9.27259
9.37487
9.47671
9.57413
9.68108
9.77576
9.87014
9.98412
10.0808
10.1891
10.2742
10.3717
10.4783
10.5798
10.6789
10.7747
10.8765
10.9808
11.0763
11.1775
11.2716
11.378
11.4759
11.5735
11.675
11.7913
11.8781
11.9809
12.0815
12.1842
12.283
12.3761
12.482
12.5788
12.6785
12.779
12.874
12.9751
13.0858
13.1786
13.2832
13.3734
13.4769
13.5804
13.6826
13.7762
13.8714
13.9768
14.0738
14.1724
14.2795
14.3707
14.4783
14.5808
14.6778
14.7831
14.8818
14.977
15.0861
15.1805
15.2821
15.3839
15.4821
15.5932
15.6794
15.7797
15.877
15.9803
16.0784
16.1762
16.2874
16.3882
16.4756
16.5856
16.6795
16.7788
16.8797
16.9785
17.0749
17.1824
17.2789
17.3844
17.4826
17.5794
17.6853
17.7768
17.8774
17.9786
18.0746
18.1767
18.2816
18.3724
18.477
18.5799
18.6763
18.7792
18.8794
18.9838
19.0901
19.1755
19.2733
19.3767
19.4784
19.5819
19.6757
19.7787
19.8795
19.9722
20.0806
20.1779
20.2751
20.3771
20.4774
20.5729
20.6749
20.7688
20.8767
20.9746
21.0808
21.1727
21.2783
21.3772
21.4776
21.5713
21.6782
21.7757
21.8732
21.98
22.0845
22.18
22.2808
22.3719
22.4718
22.5773
22.672
22.7789
22.8814
22.9752
23.0723
23.1809
23.2777
23.3748
23.4769
23.5744
23.6867
23.7774
23.8788
23.9787
24.0761
24.1841
24.2802
24.3756
24.4873
24.5805
24.6801
24.7772
24.8797
24.9752
25.0815
25.1813
25.2753
25.3812
25.4821
25.5806
25.6843
25.7756
25.883
25.9823
26.0868
26.1837
26.2787
26.3795
26.4825
26.578
26.6938
26.7801
26.8835
26.9856
27.0753
27.1841
27.2761
27.3788
27.4891
27.5918
27.6844
27.783
27.8844
27.9848
28.08
28.1851
28.278
28.3776
28.48
28.5857
28.6815
28.7833
28.8844
28.9808
29.0933
29.1806
29.282
29.3797
29.4825
29.587
29.6838
29.786
29.8899
29.9899
30.0826
30.1856
30.2804
30.3875
30.4857
30.5807
30.6822
30.7855
30.8819
30.9897
31.0851
31.185
31.2792
31.3846
31.4814
31.5844
31.6861
31.7807
31.8856
31.9839
32.0848
32.1882
32.2801
32.3887
32.4896
32.584
32.6833
32.7919
32.8879
32.9815
33.0855
33.1922
33.2909
33.3897
33.4802
33.5971
33.6811
33.7839
33.8858
33.9878
34.0867
34.1908
34.286
34.3879
34.4877
34.5909
34.6916
34.7887
34.8872
34.9868
35.0923
35.1871
35.2961
35.3951
35.4903
35.5924
35.6903
35.7872
35.8939
35.9929
36.0918
36.1989
36.2971
36.3976
36.4974
36.598
36.6982
36.7917
36.8923
36.9918
37.1022
37.1954
37.302
37.3969
37.492
37.5998
37.7053
37.8001
37.897
37.9944
38.0937
38.1949
38.3002
38.3937
38.5027
38.6021
38.6939
38.8139
38.8966
39.0008
39.103
39.2015
39.2956
39.4024
39.4987
39.5945
39.7012
39.7977
39.9013
40.0014
40.1035
40.1964
40.3012
40.4008
40.5021
40.6097
40.6979
40.8064
40.8991
41.0022
41.0998
41.2038
41.303
41.4023
41.5024
41.6031
41.7062
41.8037
41.9124
42.0037
42.1149
42.2001
42.3088
42.4055
42.5035
42.6047
42.7014
42.8046
42.9055
43.001
43.1023
43.203
43.3152
43.4105
43.5042
43.6143
43.7078
43.8077
43.916
44.0111
44.1105
44.2111
44.3141
44.4092
44.5095
44.6142
44.7084
44.8218
44.9166
45.0103
45.1145
45.2146
45.3076
45.4222
45.5117
45.6113
45.7053
45.8107
45.911
46.0117
46.1088
46.2096
46.3195
46.4198
46.5085
46.6085
46.7153
46.8119
46.9109
47.0153
47.1113
47.2134
47.3151
47.4095
47.5108
47.6144
47.7177
47.8149
47.919
48.0173
48.1143
48.2105
48.3205
48.4132
48.5153
48.6286
48.7124
48.8098
48.9147
49.0171
49.1127
49.2109
49.3184
49.4114
49.5093
49.6132
49.7122
49.8132
49.9171
50.0163
50.1179
50.2179
50.3237
50.4223
50.5249
50.614
50.7271
50.8239
50.9128
51.0239
51.1269
51.2147
51.3187
51.4188
51.5131
51.6182
51.7149
51.8262
51.918
52.0208
52.1274
52.2168
52.3271
52.418
52.5181
52.6201
52.7186
52.8328
52.9182
53.0204
53.1245
53.2217
53.3223
53.421
53.5256
53.6251
53.7236
53.8227
53.9188
54.0307
54.12
54.2187
54.3194
54.4231
54.5166
54.6266
54.7202
54.8198
54.913
55.0094
55.1101
55.2188
55.3314
55.4122
55.5199
55.6116
55.721
55.8184
55.9182
56.0278
56.1083
56.2265
56.3202
56.4069
56.5156
56.6149
56.7167
56.8178
56.9106
57.0144
57.1149
57.2165
57.3137
57.4088
57.5177
57.6092
57.7221
57.8141
57.9073
58.0161
58.1137
58.2094
58.3172
58.4121
58.5101
58.6095
58.7157
58.8139
58.9184
59.0123
59.1241
59.2182
59.312
59.4139
59.51
59.6154
59.7103
59.8102
59.9101
60.014
60.1051
60.2233
60.3153
60.4296
60.5149
60.6082
60.7156
60.8187
60.9128
61.0133
61.1095
61.2167
61.3167
61.4209
61.5117
61.6097
61.7127
61.8242
61.9135
62.0169
62.1197
62.2213
62.3154
62.416
62.5269
62.62
62.7275
62.8158
62.9192
63.0177
63.1269
63.2199
63.3295
63.4266
63.524
63.6177
63.7221
63.8241
63.9235
64.0235
64.1251
64.2225
64.3219
64.4206
64.5223
64.6279
64.7219
64.8214
64.9217
65.0214
65.1261
65.224
65.3264
65.4183
65.5277
