0.840956
0.834654
0.833062
0.823636
0.819071
0.809651
0.803436
0.794898
0.786719
0.778626
0.772022
0.762649
0.752503
0.742884
0.733159
0.723212
0.713136
0.702742
0.692371
0.685655
0.675088
0.664921
0.654209
0.643513
0.632618
0.62526
0.611479
0.600279
0.592782
0.58198
0.5715
0.561227
0.551718
0.540608
0.532482
0.520276
0.511795
0.499062
0.49064
0.478894
0.471247
0.462262
0.451638
0.440025
0.432637
0.424105
0.414307
5
5
5
5
5
5
4.82088
4.45093
4.02561
3.64552
3.30009
2.99223
-2.01214
-1.56608
-1.22096
-0.948787
-1.31953
-2.26758
-1.95407
-1.75828
-1.31287
-1.08269
-0.82908
-0.678543
-0.448437
-0.179736
0
2.72018
2.49784
2.26013
2.02961
1.83689
1.66645
1.51799
1.38515
1.2899
1.15721
1.06181
0.989723
-5
-4.53789
-3.13144
-2.50202
-1.87541
-1.55754
-1.21432
-0.934703
-0.712999
-0.527409
-0.390402
-0.302283
-0.168931
0
0
0
0
0
1.12616
1.08753
1.0568
0.988762
0.849004
0.751407
0.678886
0.625143
0.581762
0.565339
0.565524
0.570199
0.566867
0.566269
0.507238
0.436517
0.391476
0.363975
0.348062
0.332372
0.325844
0.317096
-1.92994
-1.51788
-1.19615
-0.931483
-0.759535
-0.574049
-0.423781
-0.29995
-0.195674
-0.111263
0
0
0
0
0
0
0
0
0
0
0
0
0
0
0
1.00687
0.995472
0.988144
0.972518
0.959824
0.944254
0.93632
0.916367
0.902054
0.892751
0.877462
0.862448
0.847485
0.832349
0.817206
0.802209
0.786921
0.776598
0.756977
0.746252
0.731168
0.716093
0.70108
0.686108
0.67151
0.627472
0.613352
0.868225
0.862738
0.853435
0.847071
0.837027
0.830995
0.819635
0.815685
0.805829
0.796306
0.785237
0.775661
0.764849
0.754699
0.743869
0.732817
0.72584
0.714732
0.703583
0.692836
0.681383
0.670053
0.659021
0.647577
0.639904
0.628569
0.616647
0.606083
0.59398
0.583098
0.571519
0.561029
0.55101
0.543943
0.535698
0.522397
0.513595
0.500516
0.491529
0.479298
0.470253
0.462374
0.451129
0.439236
0.43152
0.422631
5
5
5
5
5
5
4.90943
4.43811
4.01411
3.63541
3.29097
2.98382
-2.04684
-1.59289
-1.33388
-1.02835
-1.36812
-2.25574
-2.12446
-1.85572
-1.38552
-1.13426
-0.923232
-0.769236
-0.537492
-0.30543
-0.0973667
0
2.8781
2.60586
2.3868
2.1436
1.94258
1.76809
1.61152
1.46994
1.34249
1.2285
1.12898
1.04977
-5
-4.34998
-3.31446
-2.78194
-2.20896
-1.74309
-1.36148
-1.05507
-0.810724
-0.649741
-0.481154
-0.334438
-0.235516
0
0
0
0
0
1.11823
1.08236
1.05091
0.975268
0.839634
0.740489
0.67062
0.617722
0.574043
0.54664
0.547866
0.554725
0.554425
0.564818
0.506737
0.429277
0.387235
0.359652
0.342793
0.326414
0.318754
0.313216
-1.76254
-1.45523
-1.14784
-0.894146
-0.67359
-0.505192
-0.368374
-0.257541
-0.164701
-0.0995535
0
0
0
0
0
0
0
0
0
0
0
0
0
0
0
0
0
0
0
0
0
0
0
0
1.98324
1.82085
1.67675
1.54636
1.45207
1.31976
1.24313
1.15332
1.07222
0.955453
0.801283
0.705044
0.641159
0.590436
0.557001
0.513282
0.48836
0.459462
0.432769
0.408513
0.389143
0.373432
0.351884
0.339321
0.344799
0.368294
0.380442
0.354741
0.337096
0.304984
0.279634
0.266518
0.261357
0.271538
0.278778
-2.47246
-1.96255
-1.55129
-1.22214
-0.952217
-0.777548
-0.581504
-0.398457
-0.305534
-0.202595
-0.122929
0
0
0
0
0
0
0
0
0
0
0
0
0
0
0
0
0
0
0
0
0
0
0
2.14964
2.0108
1.84616
1.69967
1.56709
1.44721
1.33891
1.26071
1.08258
0.918938
0.832073
0.769
0.693663
0.65236
0.605879
0.564614
0.527734
0.494739
0.464917
0.437984
0.418662
0.391477
0.375813
0.357513
0.341373
0.327124
0.314723
0.303149
0.294527
0.282887
0.275654
0.267505
0.260315
0.253881
0.247994
0.242817
0
0
0
0
0
0
0
0
0
-1.63817
-1.2687
-1.05937
-0.759774
-0.621587
-0.460334
-0.334419
-0.2085
-0.0798203
0
1.25132
1.13005
1.0564
1.02622
1.01736
0.99691
0.963841
0.921841
0.87481
0.827276
0.782508
0.741771
0.705272
0.672849
0.6499
0.623609
0.601061
0.581436
0.564432
0.549766
0.483242
0.373096
0.32359
0.305219
0.32303
0.32336
0.284136
0.289622
0.318771
0.314548
0.285285
0.263637
0.252422
0.247489
0.247159
0.248944
0.244267
0.234914
0.231521
0.232481
0.22575
0.221021
0.218794
0.219514
0.218939
0.215336
0.21265
0.212133
0.216773
4.83626
4.37065
3.9525
3.57731
3.30721
2.9919
2.70647
2.45586
2.22921
1.9852
1.84209
1.67772
1.52968
1.39631
1.27641
1.19003
1.07107
1.00138
0.920715
0.863358
0.798025
-3.63047
-2.64044
-2.76613
-3.23145
-3.12994
-2.33208
-1.81838
-1.437
-1.105
-0.8804
-0.682273
-0.399156
-3.52563
-2.73093
-2.13906
-1.75292
-1.37599
-1.07627
-0.880549
-0.662348
-0.459867
-0.356917
-0.247411
-0.158874
0
3.86729
3.59087
3.29928
3.0509
2.82688
2.61475
2.40748
2.17891
1.94347
1.76818
1.62267
1.48186
1.3721
1.26584
1.12907
1.05404
0.969428
0.891921
0.821952
0.759342
0.703933
0.654359
0.608005
0.567992
0.539646
0.501496
0.478245
0.449276
0.425045
0.403002
0.385149
0.370781
0.35384
0.336238
0.31949
0.311658
0.301095
0.290099
0.280638
0.272672
0.267206
0.261902
0.254897
0.248446
0.245601
0.245467
0.246537
0.241231
0.235009
1.73706
1.58361
1.47296
1.34522
1.20726
1.12695
1.04466
0.971975
0.894418
0.824842
0.772623
0.716512
-5
-5
-5
-5
-5
-5
-5
-5
-5
-4.15654
-3.07689
-2.50683
-1.86002
-1.37744
-1.09224
-0.861999
-0.710018
-0.539557
-0.375575
0
0
0
0
0
0
0
0
0
0
0
0
0
0
0
0
0
0
0
0
0
0
0
0
0
0
0
0
0
0
0
0
0
0
0
0
0
0
0
0
0
1.50915
1.42392
1.32874
1.19597
1.09917
1.01235
0.910527
0.845781
0.763744
0.715958
0.654576
0.615877
0.571283
0.52816
0.496692
0.490729
0.513359
0.546024
0.511697
0.478264
0.459514
0.404377
0.356735
0.316894
0.288864
0.310083
0.280619
0.260869
0.244075
0.234137
0.227001
0.224446
0.21881
0.216761
0.24264
0.246891
0.229493
0.217146
0.209456
0.204955
0.202362
0.236243
0.257989
0.233972
0.214834
0.204303
0.197963
0.195294
0.194994
3.78578
3.42643
3.17116
2.90695
2.69523
2.52146
2.35545
2.21866
1.95805
1.7336
1.5855
1.43775
1.33328
1.21653
1.11191
0.99981
0.935483
0.860261
0.793854
0.75606
0.72952
0.667518
0.619691
0.573577
0.536411
0.51565
0.518962
0.492723
0.442683
0.441177
0.468138
0.488843
0.491064
0.492949
0.48517
0.454213
0.415195
0.373687
0.352798
0.337202
0.328674
0.322864
0.310277
0.298411
0.285496
0.277106
0.280194
0.283913
0.276031
0.261743
3.28177
2.97174
2.70965
2.47779
2.25477
2.04251
1.85606
1.68996
1.56957
1.40236
1.3053
1.19457
1.09587
1.00698
0.926247
0.853073
0.800944
0.740838
0.685441
0.635345
0.591416
0.551856
0.516273
0.484301
0.455511
0.434884
0.407166
0.391362
0.372112
0.29551
0.0757151
0.0943298
0.107943
-2.48283
-2.34372
-1.85473
-2.05239
-1.75573
-5
-4.16374
-3.33399
-2.79934
-2.16315
-1.64963
-1.25242
-0.956508
-0.763535
-0.644854
-0.447277
-0.276693
0
2.15325
2.01718
1.81296
1.63073
1.4846
1.36012
1.26052
1.16326
1.06109
0.984533
0.897918
0.840029
0.777902
0.719602
0.668574
0.632538
0.583772
0.542459
0.514595
0.482869
0.454205
0.42824
0.405364
-5
-5
-5
-5
-5
-5
-5
-5
-5
-5
-5
-4.38432
-3.67683
-2.8907
-2.28564
-1.79558
-1.39992
-1.16492
-1.16512
-1.16531
-1.16552
-1.16571
-1.16592
-1.16612
-1.16632
-1.16652
-1.16673
-1.16692
-1.16712
-1.16733
-1.16752
-1.16773
-1.16794
-1.16813
-1.16834
-1.16854
-1.16873
-1.16893
-1.16913
-1.16934
-1.16953
-1.16974
-1.16994
-1.17015
-1.17035
-1.17054
-1.17076
-1.17094
-1.17114
-1.17135
-1.17154
-1.17175
-1.17195
-1.17216
-1.17235
-1.17255
-1.17276
-1.17295
-1.17315
0.811511
0.828344
0.822419
0.816763
0.810074
0.803693
0.796051
0.789296
0.780368
0.773872
0.770063
0.759625
0.752928
0.741975
0.734712
0.723467
0.715423
0.704032
0.695676
0.684205
0.675847
0.664303
0.655218
0.643945
0.634286
0.62797
0.620806
0.606836
0.598865
0.585849
0.577468
0.565141
0.558229
0.545503
0.536993
0.52497
0.516328
0.504835
0.49611
0.485165
0.477784
0.468972
0.458714
0.449965
0.440133
0.431474
0.422172
0.413527
0.404464
5
5
5
5
5
5
5
5
5
5
5
5
5
5
5
5
5
4.73139
-5
0
0
-5
-5
-4.23026
-3.12239
-2.24611
-1.55459
-1.01063
-3.3923
-2.70531
0
-2.23013
-1.6763
0
0
0
0
0
0
0
0
0
0
0
0
1.6908
0.828145
0.823613
0.816192
0.813978
0.809088
0.800092
0.794649
0.791087
0.781981
0.773177
0.763912
0.755291
0.746843
0.736932
0.731334
0.721698
0.711984
0.701762
0.692072
0.68189
0.6716
0.661232
0.651457
0.643925
0.630437
0.622917
0.612758
0.601995
0.591465
0.584126
0.570412
0.559637
0.554832
0.545091
0.532988
0.526224
0.513082
0.504873
0.492608
0.484159
0.476616
0.465353
0.457198
0.446525
0.437827
0.427992
0.419473
0.410051
5
5
5
5
5
5
5
5
5
5
0.813662
-0.717318
-1.99867
-1.5322
-1.28063
-0.996045
-2.05593
-2.89858
-2.37714
-1.94344
-1.50164
-1.24669
-0.997809
-0.760905
-0.526568
-0.33365
-0.12228
0
0.981148
0.946345
0.82856
0.724701
0.655704
0.605405
0.553836
0.524853
0.491918
0.462344
0.43573
0.412456
0.390725
0.37602
0.368166
0.35951
0.353264
0.327733
0.307738
0.294998
0.284721
0.277655
0.271795
0.268958
-2.39529
-1.71611
-1.85195
-1.44772
-1.13512
-0.882557
-0.67553
-0.541377
-3.23437
-2.48004
-1.8581
-1.47326
-1.05137
-0.906966
-0.767713
-0.608187
-0.478918
-0.368963
-0.265267
-0.167071
0
5
5
5
5
5
5
5
5
5
-5
-5
-4.26859
-3.4173
-2.863
-2.26883
-1.76565
-1.37377
-1.07399
-0.829752
-0.629676
-0.467575
-0.335969
0
0
0
0
0
0
0
0
0
0
0
0
0
0
0
0
0
0
0
0
0
0
0
0
0
0
0
0
0
0
0
0
0
0
0
0
0
3.67512
3.34955
3.06781
2.80802
2.5737
2.36097
2.16834
1.99391
1.86768
1.72187
1.5904
1.39256
1.20239
1.07102
0.983348
0.920956
0.848854
0.783851
0.724967
0.68235
0.635198
0.590747
0.55104
0.530806
0.530662
0.529337
-4.84419
-3.89218
-3.15838
-2.53078
-2.00699
-1.58111
-1.22452
-0.981514
-0.724312
-0.545953
-0.383569
-0.287891
-0.205304
0
0
0
0
0
0
0
0
0
0
0
0
0
0
0
0
0
0
0
0
0
0
0
0
0
0
0
0
0
0
0
0
0
0
0
0
0
0
0
0
0
0
0
3.84889
3.50711
3.21158
2.93775
2.69179
2.5127
2.30557
2.11812
1.92485
1.66897
1.47146
1.33631
1.21875
1.11529
1.04118
0.956319
0.880266
0.811962
0.750388
0.705999
0.655015
0.609072
0.559504
0.530433
0.497817
0.468386
0.441239
0.416983
0.398862
0.378467
0.360134
0.343712
0.328974
0.315405
-2.40313
-1.85207
-1.49994
-1.1309
-0.858998
-1.55966
-1.20983
-0.92983
-0.755048
-0.547873
-0.415195
-0.280619
-0.194679
-0.12307
-0.0620938
0
0
0.202062
0.211374
0.189332
-3.86361
-3.10907
-2.24842
-1.90711
-1.53623
-1.23114
-0.978778
-0.769794
-0.607037
-0.505331
-0.340954
-0.273382
0
0.452431
0.448881
0.410306
0.409952
0.395709
0.361948
0.365592
0.335135
0.340941
0.312874
0.320472
0.27795
0.25497
0.22989
0.221079
0.228071
0.206707
0.218987
0.197312
0.199876
0.189467
0.19363
0.187333
0.191337
0.187506
0.187572
0.191433
0.192034
0.192174
0.190798
0.192527
0.194104
0.202851
0.207301
0.217908
0.215698
0.204113
0.213458
0.19958
0.204526
0.195588
0.199003
0.193511
0.196616
0.193097
0.192939
0.193657
0.195616
0.195781
5
5
5
5
5
5
5
5
5
5
5
5
5
5
5
5
5
5
5
5
5
-5
-5
-5
-5
-1.55391
-1.44116
-0.808189
-0.796604
-4.92032
-3.84319
-3.74461
-4.18522
-4.09607
-3.22332
-2.48822
-2.00088
-1.56471
-1.24182
-0.923789
-0.634112
-0.384588
-2.55136
-2.00934
-1.75033
-1.40006
-1.08946
-0.840468
-0.638844
-0.475597
-0.343614
-0.258724
-0.168367
0
3.86078
3.58433
-2.6248
-2.50058
-1.83397
-1.29781
-1.05866
-0.951884
-0.792749
-0.62221
-0.470328
-0.342583
-0.236208
-0.128718
0
5
5
5
5
5
5
5
5
5
5
5
5
5
5
5
5
5
4.72614
4.27731
3.87483
3.50987
3.11707
2.88653
-1.41046
-3.05222
-2.1842
-1.7188
-3.60932
-2.89258
-2.27867
-1.44688
-0.843444
-0.586173
-0.432934
-5
-5
-5
-5
-5
-5
-5
-5
-5
-5
-1.1403
-5
-3.28502
-2.62995
-2.01199
-1.57084
-1.21783
-0.851547
-0.507257
-0.424931
-0.375707
-0.261874
-3.10637
-2.52937
0
2.93898
2.77988
2.5937
0
0
0
0
-5
-4.24985
-3.47707
-2.83733
-2.41718
-1.95262
-1.54628
-1.28811
-0.976595
-0.817993
-0.681611
-0.418602
-0.360091
1.5969
1.44192
1.35207
1.23715
1.16168
1.09249
0.991726
0.935874
0.855266
0.813613
0.742487
0.710736
0.650729
0.625346
0.575255
0.549847
0.528446
0.497262
0.459487
0.453429
0.416294
0.413409
0.380298
0.380248
0.350531
0.352797
0.325907
0.330075
0.321637
0.298005
0.304307
0.282459
0.289946
0.284429
0.26459
0.230644
0.19986
0.166426
0.153139
0.165186
0.201766
0.255621
0.275548
0.273302
0.255234
0.26477
0.210175
0.194983
0.175864
5
5
5
5
5
5
5
5
5
5
5
5
5
5
5
-3.77154
-2.99422
-2.13503
-0.916411
-0.932422
-1.06994
-0.8712
-0.611074
-0.487623
-0.354448
-0.213227
-0.0742983
-3.4955
-1.1005
-0.849312
-0.680055
-0.507794
-0.375702
-0.245159
-0.159995
-0.103032
-1.57002
-1.70605
-1.38438
-1.07252
-0.846513
-0.64687
-0.486338
-0.300511
-0.110428
0
1.38984
1.32384
1.17786
1.05261
0.963018
0.887229
0.81918
0.770478
0.710835
0.657712
0.61842
0.597858
0.569488
0.539221
0.497142
0.462035
0.433656
0.422632
0.414612
-4.23891
-2.63241
-1.56298
-2.15461
-3.09424
-2.82366
-2.21377
-1.76993
-1.38792
-1.10523
-0.922023
-0.711028
-0.536549
-0.393867
-0.262195
-0.136558
0
0
0
0
0
0
0
0
0
0
0
0
0
0
0
0
0
0
0
0
0
0
0
0
0
0
0
0
0
0
0
0
0
0
0
0
0
0
0
0
0
0
0
0
0
0
0
0
0
0
0
0
0
0
0
0
0
0
0
0
0
0
0
0
0
0
0
0
2.74991
2.53273
2.32897
2.13726
1.8744
1.71768
1.54909
1.4047
1.27581
1.16462
1.0858
0.997837
0.939755
0.89068
0.845181
0.831541
0.749857
0.658275
0.594245
0.555627
0.517125
0.488913
0.457904
0.430841
0.407225
0.385715
0.366426
0.349308
0.337023
0.32011
0.310677
0.298988
0.2905
0.284667
0.290811
0.277846
0.264019
0.254694
0.250686
0.251166
0.243524
0.240121
0.236589
0.239658
0.231275
0.225251
0.222231
0.222084
0.220796
0.21696
5
5
5
5
5
5
5
5
5
-5
-5
-5
-5
-4.88734
-3.91016
-3.11916
-2.47719
-1.96081
-1.41887
-1.08553
-0.836238
-0.635705
-0.47341
-0.337172
-0.228253
-0.164463
-0.0935193
0
0
0
0
-2.49841
-1.92508
-1.59978
-3.4448
-2.63437
-1.96052
-1.67483
-1.40524
-1.20155
-0.941324
-0.739464
-0.55091
-0.418666
-0.29135
-0.203668
0
0
0
0
0
0
0.36468
0.377679
0.340306
0.348518
0.318723
0.327703
0.298293
0.292289
0.303876
0.277294
0.290031
0.284485
0.25962
0.273367
0.249722
0.264751
0.241894
0.257585
0.235442
0.233892
0.250204
0.228782
0.24555
0.224586
0.190906
0.174213
0.1653
0.172491
0.158514
0.166299
0.160007
0.16752
0.164183
0.189734
0.188011
0.176882
0.184395
0.176779
0.182584
0.178651
0.183681
0.181214
0.18773
0.188025
0.185654
0.189595
0.188075
0.191126
0.190182
5
5
5
5
5
4.70821
4.23293
3.80723
3.45963
3.1204
2.8199
0
-2.34125
-4.39517
-1.98964
-1.44349
-1.02268
-0.864713
-0.717559
-0.569507
-0.418994
-0.303452
-0.20739
-0.127335
-0.0753026
0
4.76205
4.30614
3.90348
3.60601
-3.6166
-3.0111
-2.40852
-1.91229
-1.45976
-1.09544
-0.894599
-0.648514
-0.489659
-0.376047
-0.273348
-0.185172
0
3.78011
3.52944
3.24003
2.94131
2.66468
2.38769
2.15077
1.95557
1.83278
-5
-3.03064
-2.58498
-2.05572
-1.63408
-1.2786
-0.968662
-2.05394
-1.65731
-1.32659
-1.06201
-0.818833
-0.610997
-0.427004
-0.344534
-0.250007
-0.162514
0
0
0
0
0
0
0
0
0
0
0
0
0
0
0
0
0
0
0
0
0
0
0
0
0
0
0
0
0
0
0
0
0
0
0
0
0
0
0
0
0
0
0
0
0
0
0
0
0
0
0
0
0
0
0
0
0
0
0
0
0
0
0
0.0136783
0.0279539
0.041748
0.0591295
0.0709178
0.0859637
0.0940769
0.104223
0.117646
5
5
5
5
5
5
5
5
5
5
5
5
5
5
5
4.80651
4.38003
3.99311
3.6378
3.372
-5
-5
-5
-5
-5
-5
-5
-5
-4.78068
-3.82747
-4.28646
-3.38245
-2.70593
-2.15906
-1.70759
-1.34026
-1.09248
-0.844056
-0.640241
-0.442978
-0.280778
0
4.65683
4.19266
3.78236
3.42472
3.09665
2.80868
-2.0546
-1.51096
-1.07647
-0.74173
-0.617551
-0.538927
-0.421449
-0.311655
-0.191146
-0.0809311
0
3.24281
2.94731
2.71806
2.45601
2.2282
2.0248
-3.11501
-2.52954
-1.94076
-1.44682
-1.98836
-2.69059
-2.49982
-1.96216
-1.56214
-1.2178
-0.868571
-0.744694
-0.590923
-0.453014
-0.331562
-0.229846
-0.146266
0
0
0
0
0
0
0
0
0
0
0
0
0
0
0
0
0
0
0
0
0
0
0
0
0
0
0
0
0
0
0
0
0
0
0
0
0
0
0
0
0
0
0
0
0
0
0
0
0
0
0
0
0
5
5
5
5
5
5
5
5
5
5
5
5
4.60872
4.17656
3.87279
3.44156
3.18565
2.88545
2.615
2.3726
2.15484
1.95928
1.78473
1.65847
1.48139
1.35365
1.26145
1.15508
1.05927
0.972943
0.91081
-4.16019
-3.19427
-2.67561
-2.00538
-2.37191
-2.41432
-1.12511
-1.22732
-3.62677
-2.84337
-2.94867
-2.54056
-2.49014
-5
-4.97798
-4.00439
-3.20071
-2.49869
-1.90871
-1.53281
-1.14333
-0.92149
-0.730752
-0.563342
-0.415959
-0.258231
0
5
4.83628
4.38146
3.93789
3.55359
3.29206
2.99057
2.71353
2.46989
2.23128
2.02763
1.84881
1.68103
1.53452
1.40605
1.28231
1.17342
1.07607
1.00604
0.907851
0.852898
0.796713
0.747697
-5
-4.41371
-3.71492
-2.93208
-2.32816
-1.84039
-1.34065
-1.72667
-1.78637
-1.25694
-1.56885
-0.991362
-0.759282
-2.57831
-3.78108
-3.41131
-2.96657
-2.15637
-1.88446
-1.53054
-1.27398
-0.97653
-0.695016
-0.419848
-0.172389
0
3.53678
3.21416
2.89251
2.66175
2.40906
2.18771
1.98737
1.80752
1.64608
1.50101
1.37147
1.28167
1.18854
-5
-4.0801
-3.27623
-2.61119
-2.07074
-1.63275
-1.27281
-1.04119
-0.740613
-0.550842
-0.439209
-0.317088
-0.199824
0
0
0
0
0
-3.46783
-2.8121
-2.23384
-1.6738
-1.42928
-1.19428
-0.952202
-0.755538
-0.593084
-0.446259
-0.349888
-0.228594
-0.153886
0
5
5
5
5
5
5
5
5
5
5
-4.75279
-3.80989
-3.03587
-2.53176
-2.94743
-1.86649
-1.43485
-1.12437
-0.869737
-0.663292
-0.496122
-0.358584
-0.26571
-0.16814
0
0
0
0.827659
0.8232
0.81604
0.811697
0.803834
0.798138
0.794016
0.784747
0.777122
0.768299
0.761101
0.75106
0.742284
0.732793
0.723722
0.717938
0.70821
0.697856
0.688078
0.67825
0.667827
0.657899
0.647624
0.637476
0.62718
0.616717
0.609621
0.599243
0.588579
0.578539
0.567769
0.558535
0.548036
0.541439
0.528885
0.521935
0.509318
0.501488
0.489214
0.481195
0.469686
0.462167
0.454045
0.446666
0.43524
0.425198
0.417047
0.409972
5
5
5
5
5
5
5
5
5
1.92472
1.75155
1.60084
-1.86136
-1.45189
-1.14653
-0.887601
-1.7065
-3.91522
-4.46202
-4.61124
-3.54443
-2.98614
-2.44392
-1.97637
-1.56962
-1.23213
-0.947262
-0.726451
-0.495568
-0.324283
-0.241196
0
5
5
5
5
5
5
5
5
5
5
-5
-5
-5
-4.69566
-3.73997
-3.15504
-2.49244
-1.97334
-1.55442
-1.21432
-0.993813
-0.746513
-0.510114
-0.37084
-0.25402
0
0
0
0
0
0
0
0
0
0
0.896075
0.893092
0.818607
0.705531
0.619844
0.567814
0.521986
0.485457
0.454485
5
5
5
5
5
5
-5
-5
-5
-4.64165
-3.70046
-2.9472
-2.33698
-1.84595
-1.44017
-1.1885
-0.865012
-0.70015
-0.526789
-0.372841
0
0
0
0
0
0
0
0
0
0
0
0
0
0
0
0
0
0
0
0
0
0
0
0
0
0
0
0
0
0
0
0
0
0
0
0
0
0
0
0
0
0
0
0
0
0
0
0
0
0
0
0
0
0
0
4.57889
4.09078
3.81432
3.48314
3.18497
2.91389
2.66506
2.48805
2.2423
2.06101
1.42729
1.31258
1.17948
0.996544
0.869327
0.794278
0.739161
0.683512
0.644016
0.598215
2.73889
2.48429
2.25787
2.05136
1.90256
1.71316
1.59777
1.52349
-5
-4.6437
-3.7871
-3.05714
-2.56137
-1.88074
-1.55134
-1.19651
-0.851583
-0.71005
-0.542256
-0.390957
-0.279897
-0.205639
0
0
0
0
0
0
0
0
0
0
0
0
0
0
0
0
0
0
0
0
0
0
0
0
0
0
0
0
0
0
0
0
0
3.38173
3.14638
2.88225
2.64016
2.42128
2.2229
2.07927
1.91317
1.68686
5
5
5
5
5
5
5
5
-5
-5
-5
-5
-4.15284
-3.31422
-2.6337
-2.08649
-1.64414
-1.28628
-1.05521
-0.809839
-0.601354
-0.443133
0
0
0
0
0
0
0
0
0
0
0
0
0
0
0
0
0
0
0
0
-3.42052
-2.61705
-2.07442
-1.58469
-1.27044
-1.00958
-0.795189
-0.617836
-0.501221
-0.376681
-0.267392
-0.202207
0
0.174896
0.193386
0.194873
0.181697
0.184959
0.187052
0.204613
0.190376
0.207645
3.83643
3.47085
3.1577
2.92032
2.63889
2.38766
2.14934
1.94544
1.76365
1.60258
5
5
5
5
5
5
5
5
5
5
5
5
5
5
5
5
5
5
-5
-5
-5
-5
-5
-5
-5
-0.409016
-0.390358
-0.335912
-0.299296
-0.132598
-4.1913
-4.09245
-4.16765
-3.89072
-2.91936
-2.31151
-1.91202
-1.3916
-1.17465
-0.821189
-0.560652
-0.386017
-3.02138
-2.37436
-1.94816
-1.65267
-1.21211
-0.938771
-0.717939
-0.575724
-0.424408
-0.302145
-0.203316
-0.123415
0
1.58376
1.49555
1.42583
1.29988
1.21808
1.07691
0.959877
0.873055
0.803451
0.759937
5
5
5
5
5
5
5
5
5
5
5
5
5
5
5
5
4.84276
4.38361
4.05231
-5
-5
-2.33236
-1.94465
-1.26692
-3.40302
-3.22275
-2.06569
-1.6654
-0.827161
-0.488301
-0.347277
-5
-5
-5
-5
-5
-5
-5
-5
-5
-5
-5
-5
-5
-4.04438
-3.36871
-2.73348
-2.14557
-1.61441
-1.41292
-1.11357
-0.826972
-0.548518
-0.266517
-0.169243
-0.250106
-0.225426
-0.182695
0
0
0
0
0.383142
0.370553
0.371316
0.34211
0.345438
0.318891
0.32402
0.299683
0.306294
0.299584
0.290387
0.297505
0.276128
0.284335
0.264336
0.273439
0.254582
0.251709
0.261712
0.244269
0.254887
0.23855
0.249589
0.233255
0.244692
0.242472
0.226875
0.23879
0.237001
0.222023
0.234028
3.74397
3.42874
3.13491
2.87101
2.67874
2.4563
2.25489
2.06862
1.90382
1.64998
1.48263
5
5
5
5
5
5
5
5
5
4.67081
5
5
-5
-5
-4.18052
-2.212
-0.54748
-0.612843
-0.815036
-0.628287
-0.467167
-0.339
-0.227183
-0.0994074
0
-3.26021
-0.993496
-0.774159
-0.606935
-0.43401
-0.293303
-0.913283
-0.713002
-1.13082
-1.88506
-1.33453
-1.03233
-0.814779
-0.622555
-0.500858
-0.32285
-0.135187
0
1.01934
0.955229
0.8578
0.773641
0.710698
0.669972
0.614578
0.582578
0.535005
5
5
5
-4.56601
-2.53344
-1.82048
-1.54206
-1.19718
-0.913071
-0.684931
-3.26906
-2.0123
-1.14612
-2.26496
-3.34664
-3.04529
-2.3593
-1.89887
-1.51198
-1.205
-1.00523
-0.721125
-0.54526
-0.430466
-0.301895
-0.17823
0
0
0
0
0
0
0
0
0
0
0
0
0
0
0
0
0
0
0
0
0
0
0
0
0
0
0
0
0
0
5
5
5
5
5
5
5
5
-2.55326
-2.08699
-1.7541
-1.37477
-1.06886
-0.822647
-0.613229
-0.452265
-0.327286
-0.224319
-0.140716
-2.9593
-4.62923
-2.43905
-1.77225
-1.26857
-0.961613
-0.867077
-0.768846
-0.644226
-0.500465
-0.402795
-0.261987
-0.189985
-0.111403
0
5
5
5
5
5
5
5
5
5
5
5
5
5
5
5
4.81209
4.36244
3.95819
3.58163
-5
-5
-5
-5
-5
-5
-5
-5
-5
-5
-4.74096
-3.77525
-3.0037
-2.38085
-1.98102
-1.53782
-1.19611
-0.863583
0
5
5
5
5
-3.55314
-2.89889
-2.25224
-2.18105
-1.92544
-1.48504
-1.15999
-0.900586
-0.679343
-0.510858
-0.374842
-0.263805
-0.189049
-0.0755679
0
0
-4.01884
-3.10108
-2.48853
-2.02846
-1.70448
-1.36913
-1.09222
-0.863521
-0.664764
-0.534112
-0.379904
-0.273311
-0.175836
0
0
0
0.297305
0.290464
0.263715
0.277961
0.254176
0.26875
0.245427
0.260847
0.257426
0.235336
0.251553
0.229991
0.246661
0.225589
0.224748
0.223562
0.222859
0.240102
0.219665
0.237184
0.217049
0.216822
0.216502
0.216306
0.188052
0.171424
0.16028
0.151642
0.160339
0.153879
5
4.72699
4.27109
3.89592
3.52536
3.18586
2.88112
2.66256
2.41235
2.18396
1.23265
1.16431
1.1016
1.02935
0.914682
0.84725
0.779525
0.713993
0.682535
0.672764
0.677942
-2.13554
-1.58089
-1.17028
-0.97667
-0.819982
-0.640294
-0.459675
-0.337339
-0.236347
-0.17131
-0.0834028
0
4.78871
4.32961
3.92422
3.55094
-3.87937
-3.07352
-2.45893
-1.95057
-1.59479
-1.2265
-0.950683
-0.74284
-0.563197
-0.40655
-0.322839
-0.205238
0
3.42643
3.20531
2.95457
2.69148
2.42856
2.17672
1.96448
1.78479
1.64233
-4.90556
-3.88582
-3.30876
-2.51922
-2.09464
-1.63956
-1.2749
-0.970753
-0.735822
-0.504896
-0.39402
-0.299762
-0.232726
0
0
0
0
0
0
0
0
0
0
0
0
0
0
0
0
0
0
0
0
0
0
0
0
0
0
0
0
0
0
0
0
0
0
0
0
0
0
5
5
4.69638
4.28209
4.0021
-3.85518
-2.92549
-2.19741
-1.6481
-1.3692
-1.12866
-1.01622
-0.870587
-0.699991
-0.534331
-0.390451
-0.26235
-0.180684
0
5
5
5
5
5
5
5
5
5
5
5
5
5
5
5
5
5
4.99154
-5
-5
-5
-5
-5
-5
-5
-5
-4.22293
-4.86822
-4.08221
-3.2618
-2.59603
-2.0575
-1.61411
-1.25975
-0.979455
-0.742808
-0.554329
-0.41771
-0.304378
-0.210186
0
4.38883
3.97533
3.67197
3.35137
3.07172
2.82316
2.55943
2.29459
2.07856
-2.11352
-2.46734
-1.74172
-1.36097
-0.990166
-0.794687
-0.662667
-0.511988
-0.374201
-0.218698
-0.127786
0
3.7233
3.36236
3.04157
2.75602
-3.69593
-3.02424
-2.4086
-1.82726
-1.93417
-2.49214
-2.38043
-1.72527
-1.3599
-1.13183
-0.855894
-0.566945
-0.447334
-0.355966
-0.265403
-0.182005
-0.11004
0
-3.82052
-3.11106
-2.37216
-1.89497
-1.53038
-1.22355
-0.988354
-0.886252
-0.702657
-0.58024
-0.424693
-0.330495
-0.216419
0
1.68236
1.51955
1.39855
1.29386
1.16431
1.07121
0.970524
0.895631
0.81878
0.797323
0
0
0
0
0
0
0
0
0
0
0
2.67542
2.48892
2.2879
2.09389
1.90479
1.68831
1.50093
1.39658
1.25607
1.14842
5
5
5
5
5
4.63154
4.19589
3.79922
3.5102
3.17147
2.86915
4.75548
4.31057
3.89953
3.52867
3.21202
2.98686
2.72034
2.47904
2.25147
2.004
5
5
5
5
5
5
-5
-5
-5
-4.82658
-4.85743
-3.89082
-2.935
-2.55122
-3.02049
-2.86813
-1.38776
-1.04654
-3.77804
-3.49571
-2.80587
-2.56174
-5
-5
-4.57524
-3.65933
-2.91704
-2.26914
-1.72977
-1.32871
-1.09408
-0.86439
-0.687627
-0.521511
-0.36601
0
5
5
4.72111
4.25501
3.83348
3.46736
3.21691
2.86697
2.65603
5
5
5
5
5
5
5
0.599209
-0.835416
-5
-5
-5
-5
-5
-5
-5
-5
-5
-5
-5
-5
-5
-5
-5
-5
-5
-5
-5
-5
-4.74697
-3.76803
-3.13954
-2.47855
-2.45906
-2.45927
-2.45945
-2.45966
-2.45987
-2.46006
-2.46027
-2.46047
-2.46067
-2.46087
-2.46107
-2.46127
-2.46147
-2.46168
-2.46187
-2.46208
-2.46229
-2.46248
-2.46268
-2.46287
-2.46309
-2.46328
-2.46349
-2.46369
-2.46388
-2.46409
-2.46429
-2.46448
-2.46468
-2.46488
-2.46509
-2.46528
-2.46549
-2.46568
-2.46589
-2.46608
-2.4663
-2.46649
-2.4667
-2.4669
-2.46708
-2.4673
-2.46749
-2.4677
-2.46789
-2.46811
-2.46832
-2.46851
-2.46869
-2.4689
-2.4691
-2.4693
-2.46951
-2.46971
-2.4699
-2.47012
-2.47031
-2.4705
-2.47071
-2.4709
-2.47111
-2.47132
-2.47152
-2.47172
-2.47192
-2.47212
-2.47232
-2.47253
-2.47274
-2.47294
-2.47313
-2.47332
-2.47353
-2.47373
-2.47395
-2.47413
-2.47433
-2.47454
-2.47473
-2.47493
-2.47513
-2.47532
-2.47553
-2.47573
-2.47594
-2.47614
-2.47634
-2.47654
-2.47674
-2.47693
-2.47714
-2.47734
-2.47755
-2.47774
-2.47794
-2.47815
-2.47834
-2.47856
-2.47875
-2.47896
-2.47915
-2.47934
-2.47955
-2.47977
-2.47996
-2.48016
-2.48035
-2.48056
-2.48077
-2.48096
-2.48117
-2.48137
-2.48156
-2.48178
-2.48197
-2.48217
-2.48237
-2.48257
-2.48279
-2.48297
-2.48317
-2.48337
-2.48358
-2.48378
-2.48398
-2.48419
-2.48438
-2.48458
-2.48479
-2.48498
-2.48518
-2.48537
-2.48558
-2.48578
-2.48599
-2.48619
-2.48639
-2.48659
-2.48679
-2.48699
-2.4872
0.833721
0.832717
0.822232
0.819198
0.815266
0.805793
0.799582
0.790849
0.783021
0.774199
0.769738
0.760777
0.751316
0.742078
0.731918
0.722376
0.712384
0.702084
0.691962
0.685608
0.674985
0.664566
0.654296
0.643421
0.63299
0.622466
0.611692
0.600982
0.593937
0.583136
0.572277
0.561612
0.551862
0.542541
0.535011
0.522668
0.514563
0.506612
0.493751
0.485971
0.474443
0.466474
0.455026
0.446695
0.435998
0.427647
0.420382
0.40924
5
5
5
5
5
5
5
5
5
2.0497
1.86376
1.70193
-1.78743
-1.39119
-1.16155
-0.898037
-1.74458
-3.02036
-2.72782
-2.3549
-1.92491
-1.48889
-1.2812
-0.998785
-0.766116
-0.5399
-0.299024
0
5
5
5
5
5
5
5
-5
-5
-4.16976
-3.32931
-2.63587
-2.18709
-1.70644
-1.32627
-1.04417
-0.806931
-0.610432
-0.452715
-0.324335
0
3.6801
0
0
0
0
0
0
0
-2.48234
-3.62621
-2.79458
-2.15544
-1.74214
-1.2337
-1.04132
-0.884107
-0.751227
-0.545062
-0.42133
-0.325276
-0.235248
-0.144775
0
5
5
5
5
5
5
5
5
5
-5
-4.1644
-3.33513
-2.65226
-2.09559
-1.65004
-1.28355
-1.06137
-0.810582
-0.614974
-0.455932
-0.326811
-0.222273
0
0
0
0
0
0
0
0
0
0
0
0
0
-3.99974
-3.27389
-2.54148
-2.11312
-1.75207
-1.39372
-1.10059
-0.747715
-0.572009
-0.462305
-0.293317
-0.242389
0
0
0
0
0
0
0
0
0
0
0
0
4.69302
4.29764
3.93082
3.59574
3.34971
3.06248
2.80549
2.57081
2.40098
1.69918
1.56989
1.45157
1.26031
1.08981
0.981032
0.892377
0.818746
0.75511
0.70989
4.3041
3.89401
3.59838
3.25782
2.95339
2.67736
-5
-5
-5
-4.54175
-3.67744
-2.9842
-2.51656
-1.88679
-1.56666
-1.20397
-0.901468
-0.673169
-0.497266
0
0
0
0
0
0
0
0
0
0
0
0
0
0
0
0
0
0
0
0
0
0
0
0
0
0
0
0
0
0
0
0
0
0
0
0
0
0
0
0
0
0
0
0
0
0
0
0
0
0
0
0
0
4.18826
3.84071
3.50577
3.21202
2.93815
2.69215
2.51303
2.30259
2.11154
5
5
5
5
5
5
5
4.8184
4.35261
-5
-5
-5
-4.86948
-3.89208
-3.10619
-2.59893
-2.03798
-1.60465
-1.25385
-0.970775
-0.741518
-0.556416
-0.406814
0
0
0
0
0
0
0
0
0
0
0
0
0
0
0
0
0
0.017175
0.0467396
0.0355611
-3.97684
-3.05482
-2.35706
-1.90585
-1.53593
-1.2306
-0.978626
-0.769243
-0.605871
-0.439073
-0.346239
-0.283746
0
0.449511
0.446203
0.429395
0.405744
0.391828
0.358751
0.362635
0.332397
0.338428
3.41605
3.09597
2.79025
2.60437
2.36987
2.15021
1.94131
1.76051
1.59222
1.44269
5
5
5
5
5
5
5
5
5
5
5
5
5
4.52679
4.09878
3.7893
3.43198
3.10508
2.8105
-5
-5
-5
-5
-5
-5
-4.87817
-3.89835
-3.10465
-2.59573
-2.05167
-1.61162
-1.25304
-0.961665
-0.724517
0
2.25155
-2.47968
-3.05583
-2.29058
-1.7731
-1.40355
-1.0984
-0.87608
-0.677377
-0.461496
-0.254322
-3.05933
-2.35522
-2.02571
-1.66026
-1.32329
-1.03322
-0.794849
-0.601799
-0.445448
-0.319012
-0.216894
-0.134358
0
5
5
5
5
-4.98782
-3.84613
-2.8969
-2.16051
-1.78372
-1.5294
-1.26285
-1.00763
-0.784978
-0.598044
-0.443486
-0.308556
-0.201512
0
5
5
5
5
5
5
5
5
5
5
5
5
5
5
4.67764
4.23221
3.83507
3.54601
3.20779
5
5
5
5
5
-3.93859
-3.15117
-2.22797
-4.05642
-3.40973
-2.21
-1.29849
-1.4263
-0.981913
-0.467333
-5
-5
-5
-5
-5
-5
-5
-5
-5
-5
-5
-3.57649
-5
-2.21899
-1.62482
-1.20925
-0.904286
-0.660711
-0.57893
-0.422817
-0.230859
-0.175628
-0.121942
0
0.0940163
0.175792
0.243298
0.262474
-4.50115
-3.66313
-3.14047
-2.71371
-2.07448
-1.7149
-1.31373
-0.935124
-0.734474
-0.520949
-0.439366
-0.275683
-0.236523
0
0
0
0
0
0
0
0
0
0
0
2.32175
0
0
0
0
0
0
0
0
0
0
0
2.80241
0
0
0
0
0
0
0
0
0
0
0
0
0
0
0
0
1.64312
0
0
0
0
0
0
0
0.855198
0.811141
0.765493
0.729625
0.654478
0.623192
0.560308
0.536287
0.485287
2.63535
2.38409
2.17452
1.96926
1.79026
1.63535
1.519
1.35562
1.26193
1.15225
0
0
0
0
0
0
0
0
0
0
0
3.43759
3.10659
2.8115
2.54683
2.30927
2.13889
1.9432
1.79993
1.67846
1.51298
-2.57473
-1.95492
-1.44615
-1.19389
-0.972388
-0.76805
-0.627732
-3.30423
-2.61057
-1.99567
-1.45629
-1.08911
-0.865513
-0.721197
-0.640012
-0.526849
-0.425251
-0.298805
-0.229891
-0.13744
0
3.83856
3.47877
3.13984
2.8413
2.57497
2.33692
2.12251
1.92965
1.75615
2.44322
2.26341
2.05306
1.88969
1.72411
0.802245
0.797195
0.789623
0.789003
0.784451
0.775142
0.772983
0.762708
0.760193
0.753063
0.741114
0.737306
0.72884
0.720781
0.711601
0.702986
0.693718
0.685303
0.675346
0.669579
0.660242
0.650491
0.641187
0.631964
0.622332
0.612356
0.602532
0.592819
0.586055
0.576106
0.566271
0.556139
0.547873
0.537789
0.531187
0.519441
0.512687
0.505681
0.493402
0.485781
0.474394
0.466432
0.455829
0.448943
0.438042
0.431158
0.4232
0.413861
0.405967
0.397089
5
5
5
5
5
5
5
5
5
2.13383
1.8826
1.72076
-1.7839
-1.39386
-1.09893
-0.898933
-2.17437
-2.83857
-2.17619
-1.51707
-1.19416
-0.987252
-0.782741
-0.635459
-0.38009
-0.207761
0
5
5
5
5
5
4.6854
-5
-5
-4.34857
-3.65155
-2.74952
-2.28715
-3.15821
-2.49295
-1.99103
-1.57563
-1.23425
-0.957847
-0.73454
-0.590616
-0.436422
-0.306525
-0.202178
0
0
0
0
0
0
0
0
0
0
0
0
0
1.18215
1.07477
1.05486
0.954848
0.837105
0.746485
0.678136
0.622724
0.576599
0.544606
5
5
5
5
5
5
-5
-4.93815
-3.98178
-3.17708
-2.52193
-1.99465
-1.55787
-1.22498
-0.952422
-0.728823
-0.548133
-0.401478
-0.306539
0
0
0
0
0
0
0
0
0
0
0
0
0
0
0
0
0
0
0
0
0
0
0
0
0
0
0
0
0
0
3.22309
2.94589
2.69839
2.474
2.2707
2.12348
1.95321
1.79922
1.66011
1.5349
0.793904
0.66286
0.55147
0.501659
0.474419
0.448153
0.421749
0.398223
0.377439
0.358915
0.345038
5
5
5
-5
-5
-5
-4.10545
-3.36166
-2.71291
-2.16003
-1.70722
-1.33898
-1.08912
-0.822013
-0.611017
-0.459132
-0.310868
-0.232231
0
0
0
0
0
0
0
0
0
0
0
0
0
0
0
0
0
0
0
0
0
0
0
0
0
0
0
0
0
0
0
0
0
0
0
0
0
0
0
0
0
0
0
0
0
0
0
0
0
0
0
0
0
0
0
0
4.49122
4.09689
3.74427
3.48762
3.18668
2.91921
2.67358
