0.399631
0.402934
0.405517
0.406348
0.407458
0.407406
0.40926
0.408072
0.409932
0.411325
0.408849
0.411207
0.407526
0.409151
0.405432
0.407168
0.407176
0.404502
0.404311
0.398902
0.400712
0.394922
0.395447
0.389895
0.388973
0.389957
0.383533
0.384921
0.378016
0.379231
0.372505
0.370839
0.366768
0.36488
0.365309
0.35878
0.358697
0.352094
0.35014
0.345939
0.343571
0.342919
0.336969
0.33585
0.330242
0.329016
0.323446
0.32205
0.319684
0.314605
0.312816
0.307932
0.306159
0.301448
0.299395
0.295
0.401446
0.399623
0.401624
0.404025
0.404746
0.40661
0.405201
0.407586
0.405807
0.407835
0.409193
0.407016
0.408548
0.404855
0.407225
0.403002
0.40539
0.399819
0.401896
0.40162
0.396078
0.39803
0.391863
0.393719
0.390178
0.388949
0.383068
0.381046
0.3823
0.375659
0.376616
0.369621
0.366059
0.363902
0.364555
0.357667
0.357795
0.351457
0.349311
0.349172
0.342778
0.342333
0.336191
0.335501
0.329516
0.328721
0.326154
0.321811
0.316235
0.31382
0.312357
0.307471
0.303444
0.300972
0.299009
0.294844
0.292602
0.288748
0.286412
0.282767
0.280433
0.278011
0.274454
0.27216
0.269344
0.266795
5
5
5
5
5
5
5
5
5
5
5
5
5
5
5
5
5
5
5
5
5
5
-5
-2.11161
0
-3.5223
-2.89988
-2.27833
-1.77047
-1.3659
-1.06299
-0.81608
-0.621822
-0.491235
-0.273378
-0.143022
0
3.17136
2.90194
2.64173
2.40239
2.18629
1.98465
1.86033
1.71183
1.5466
1.45383
5
5
5
5
5
5
-5
-5
-5
-5
-5
-5
-5
-4.25987
-3.39833
-2.69673
-2.24865
-1.65328
-1.29449
-1.00209
-0.812511
-0.605273
-0.442072
-5
-4.51098
-3.60931
-2.87699
-2.40648
-1.90295
-1.45937
-1.07243
-0.745694
-0.567597
-0.403258
-0.3407
-0.250555
0
5
5
5
5
5
5
5
5
5
5
5
5
5
5
-5
-5
-5
-5
-5
-5
-5
-5
-5
-4.1807
-3.50545
-2.93792
-2.30499
-1.81841
-1.40403
-1.08904
-0.886455
-0.661842
0
0.0817075
0.0885434
0.0973392
0.10609
0.112901
0
0
0
0
0
0
0
0
0
0
0
0
0
2.12904
1.88844
2.1612
2.32497
2.47668
2.56814
2.49704
0.830397
0
0
2.42345
0
0.0473404
0.119358
0.198243
0.265614
0.323149
0.373441
0.407074
0.444615
5
5
5
5
5
5
5
5
5
5
5
5
5
5
0
-1.92814
-1.50014
-1.21396
-0.824919
-0.589772
-0.452498
-0.356999
-0.220616
-0.0978398
0
0.0424719
0.0612211
0.0905333
-5
-5
-5
-5
-5
-4.54918
-3.63273
-2.88976
-2.29502
-1.81083
-1.42017
-1.10378
-0.899291
-0.674636
-0.492359
0
0.055274
0.070611
0.0831852
0.0944619
0.105686
0.124856
0
0
0
0
0
0
5
0.387226
0.714783
1.02167
0.605883
0
0
0
0
1.59655
5
5
5
5
5
3.83716
3.49932
3.30864
3.08611
2.88469
2.70709
2.57774
2.41943
2.2651
2.10283
5
5
5
5
5
5
5
-5
-5
-5
-5
-5
-5
-5
-5
-5
-5
-5
-5
-4.11132
-3.27721
-2.60101
-2.05641
-1.61492
-1.33156
-0.955311
-0.763796
0
0.0678658
0.0803475
0.0941477
0.104016
0.112816
0.120921
0.129069
0
0
0
0
0
0
0
0
0
0
0
0
0
0
0
0
0
0
0
2.18403
2.76454
3.00792
2.99908
1.80192
0.122551
0.167719
0.242916
1.01003
3.76383
0.783204
0.796254
0.80797
0.813822
0.819743
0.824416
0.828151
0.831172
0.833164
0.835283
5
5
5
5
5
5
5
5
5
5
5
5
5
5
5
5
5
5
5
5
5
4.86512
4.40231
3.98656
3.68745
3.34338
3.02781
2.7495
2.49836
2.27187
2.06691
-5
-5
-5
-5
-5
-5
-5
-4.4871
-3.57969
-2.85163
-2.25874
-1.87917
-1.37523
-1.13015
-0.858315
-0.64573
-0.475105
0
0
0
-3.98052
-3.11707
-3.93329
-3.12347
-1.42002
-1.01308
-0.701265
-0.530182
-0.379071
-0.254484
-0.118965
0
5
5
5
5
-3.79157
-3.11753
-2.44249
-1.90888
-1.5556
-1.13862
-0.931984
-0.698733
-0.4828
-0.325699
-0.134082
0
1.37479
1.30179
1.24946
1.18769
1.1315
1.07798
1.01981
0.956697
0.882318
5
5
5
5
5
5
5
5
5
5
4.90543
4.43757
4.00784
3.63178
3.29505
2.99134
2.77268
2.51731
2.28641
2.08293
1.89837
1.73108
1.58023
1.44498
1.32399
1.21604
1.13839
1.04722
0.950485
0.880629
0.832592
-3.12794
-2.46141
-1.92523
-1.50254
-1.16947
-2.58425
-2.04708
-1.61204
-1.25663
-1.01798
-0.759023
-0.551546
-5
-5
-5
-5
-5
-5
-5
-5
-5
-5
-5
-5
-5
-5
-5
-5
-5
-5
-5
-5
-4.18438
-3.32171
-2.64345
-2.09245
-1.62062
-1.26273
-0.96796
0
0.0235558
0.0430241
0.0598412
0.0790892
0.0904269
0.0984511
0.105152
0.113977
0.12711
0.133533
4.41573
3.99518
-1.36633
-1.00213
-0.819279
-0.642536
-0.478699
-0.322994
-0.205731
-0.148889
-0.0929179
0
0
0
0
0
0
0
0
1.32452
0
0.127108
0.568589
0.864655
0.632345
0
0
0
1.46779
3.99053
1.96772
1.84484
1.75518
1.65019
1.55842
1.4774
1.40633
1.3443
1.29031
1.24343
5
5
5
5
5
5
5
5
5
5
5
5
5
5
5
5
5
5
5
5
5
4.75173
4.38738
3.96172
3.58729
3.24957
2.9452
2.67098
-4.00199
-3.18869
-2.49708
-2.68193
-2.09898
-1.62939
-3.34205
-2.76154
-2.01447
-1.49681
-1.29837
-0.993096
-0.747817
-4.25246
-3.34747
-2.62653
-3.88776
-3.06369
-2.40413
-1.87422
-0.71038
-0.479943
-0.32502
-0.188146
-0.222831
-0.123878
-0.0722154
0
5
-5
-5
-5
-4.93428
-3.94024
-3.14379
-2.4965
-1.9738
-1.63255
-1.27309
-1.4327
-1.0999
-0.849424
-0.63954
-0.459434
-0.324479
-0.228768
-0.138304
-0.0751255
0
5
5
5
5
5
5
5
5
0
0
0
-2.25572
-1.78386
-1.39702
-1.13062
-0.833775
-0.604529
-0.441443
-0.320371
-0.210672
-0.11792
-0.491954
-0.346945
-0.238832
-0.159638
-0.067356
-0.682583
-0.540746
-0.391395
-0.240078
-0.114334
-5
-4.94335
-3.95156
-3.30608
-2.5683
-1.99578
-1.57106
-1.19474
-0.94647
-0.73444
-0.588406
-0.411844
-0.244065
0
0
0
0
0.143971
0.141229
0
0
0.217756
0
0
0.0876741
0.536569
0.49121
0.446418
0.411826
0.422401
0.45809
5
5
5
5
5
5
5
5
5
5
5
5
5
5
-3.94829
-2.90823
-2.0734
-1.40356
-2.71496
-2.10416
-1.51147
-0.611318
-0.459442
-0.269874
-0.126142
-0.0466434
-0.0146733
0
0.156143
0.222296
0.297202
0.364542
0.414885
0.472075
0.534755
0.599389
0.644002
0.678165
5
5
5
5
5
5
5
5
5
5
5
5
5
0
0
0
5
5
4.70591
4.2689
3.87573
3.52283
3.20504
2.91613
2.70642
2.45882
-5
-5
-5
-5
-5
-5
-5
-5
-5
-5
-5
-5
-5
-5
-5
-5
-5
-5
-5
-5
-4.64788
-3.70851
-2.9504
-2.33314
-1.83812
-1.43831
-1.11445
-0.905488
0
0.102672
0.111765
0.121681
0.140884
0.143962
0.14492
0.148964
0.153475
0.157817
0.167679
5
4.55852
-1.34129
-0.965093
-0.717327
-0.603409
-0.797955
-0.566361
-0.424581
-0.311767
-0.192337
-0.0399344
0
0.571928
0.266308
0.694028
1.15982
1.04352
1.66129
0.625239
0
0
0.216157
0.296443
0.357351
0.40661
0.427478
0.429533
5
5
5
5
5
5
5
4.69785
4.27599
3.88411
3.53598
0.938173
-1.19264
-0.893312
-0.720823
-0.521141
-0.356029
-2.88444
-2.25613
-1.76663
-1.33594
-1.05059
-1.88509
-1.28567
-0.993302
-0.752011
-0.532562
-0.316141
-0.121519
0
5
5
5
5
5
5
5
5
5
5
-4.41937
-1.7229
0
-2.81589
-2.00008
-1.49964
-1.10767
-0.800754
-0.585825
-1.55232
-1.19777
-0.88369
-0.617692
-0.0466179
0
0.0233326
0.047802
0.080883
0.110895
0.139879
0.145883
0.147593
0.165412
0.186656
0.196238
5
5
5
5
-5
-5
-5
-5
-5
-4.82608
-3.81493
-3.03794
-2.55305
-1.8906
-1.55864
-1.21159
-0.911993
-0.652933
-0.497968
0.0191956
0.0364866
0.0556436
0.0700593
0.086318
0.10525
0.148506
0.145434
0.138843
0.142822
0.147277
5
5
5
0
0
0
0
0
5
5
0
0
0
0
0
0
0
0
5
5
5
5
5
4.88095
4.44832
4.19633
3.90822
3.63318
3.4042
5
5
5
5
5
5
5
5
5
5
-5
-4.01865
-2.95638
-2.1008
-0.290823
-0.316611
-0.0968327
-0.0104501
0
1.97899
1.92571
1.87013
1.82309
1.78086
1.75048
1.7156
1.68429
1.65058
1.63578
1.60773
1.58747
1.56928
1.55295
1.54123
1.52777
5
5
5
0
-5
-5
-5
-4.27003
-3.16766
-2.34434
-1.64275
-0.741705
-0.545822
-0.756035
-0.471095
-0.1999
-4.53482
-3.15915
-2.43003
-1.68966
-0.668708
-0.212928
0
