2
2
2
2
2
2
2
2
2
2
2
2
2
2
2
2
2
2
2
2
2
2
2
2
2
2
2
2
2
2
2
2
2
2
2
2
2
2
2
2
2
2
2
2
2
2
2
9.73089
9.73089
9.73089
9.73089
9.73089
9.73089
9.73089
9.73089
9.73089
9.73089
9.73089
9.73089
6.01312
6.01312
6.01312
6.01312
5.69114
5.07856
4.90842
4.79834
4.79834
4.79834
4.79834
4.79834
4.79834
4.79834
0
7.47201
7.47201
7.47201
7.47201
7.47201
7.47201
7.47201
7.47201
7.47201
7.47201
7.47201
7.47201
3.59787
3.87211
4.11052
4.11052
4.11052
4.11052
4.11052
4.11052
4.11052
4.11052
4.11052
4.11052
4.11052
0
0
0
0
0
5.04456
5.04456
5.04456
5.04456
5.04456
5.04456
5.04456
5.04456
5.04456
5.04456
5.04456
5.04456
5.04456
5.04456
5.04456
5.04456
5.04456
5.04456
5.04456
5.04456
5.04456
5.04456
3.7837
3.7837
3.7837
3.7837
3.7837
3.7837
3.7837
3.7837
3.7837
3.7837
0
0
0
0
0
0
0
0
0
0
0
0
0
0
0
2
2
2
2
2
2
2
2
2
2
2
2
2
2
2
2
2
2
2
2
2
2
2
2
2
2
2
2
2
2
2
2
2
2
2
2
2
2
2
2
2
2
2
2
2
2
2
2
2
2
2
2
2
2
2
2
2
2
2
2
2
2
2
2
2
2
2
2
2
2
2
2
2
9.73744
9.73744
9.73744
9.73744
9.73744
9.73744
9.73744
9.73744
9.73744
9.73744
9.73744
9.73744
6.01049
6.01049
6.01049
6.01049
5.68905
5.07679
4.85265
4.70449
4.70449
4.70449
4.70449
4.70449
4.70449
4.70449
4.70449
0
7.52921
7.52921
7.52921
7.52921
7.52921
7.52921
7.52921
7.52921
7.52921
7.52921
7.52921
7.52921
3.73772
3.98604
3.98604
3.98604
3.98604
3.98604
3.98604
3.98604
3.98604
3.98604
3.98604
3.98604
3.98604
0
0
0
0
0
4.90403
4.90403
4.90403
4.90403
4.90403
4.90403
4.90403
4.90403
4.90403
4.90403
4.90403
4.90403
4.90403
4.90403
4.90403
4.90403
4.90403
4.90403
4.90403
4.90403
4.90403
4.90403
3.73129
3.73129
3.73129
3.73129
3.73129
3.73129
3.73129
3.73129
3.73129
3.73129
0
0
0
0
0
0
0
0
0
0
0
0
0
0
0
0
0
0
0
0
0
0
0
0
5
5
5
5
5
5
5
5
5
5
5
5
5
5
5
5
5
5
5
5
5
5
5
5
5
5
5
5
5
5
5
5
5
5
5
3.50321
3.50321
3.50321
3.50321
3.50321
3.50321
3.50321
3.50321
3.50321
3.50321
3.50321
0
0
0
0
0
0
0
0
0
0
0
0
0
0
0
0
0
0
0
0
0
0
0
5
5
5
5
5
5
5
5
5
5
5
5
5
5
5
5
5
5
5
5
5
5
5
5
5
5
5
5
5
5
5
5
5
5
5
5
0
0
0
0
0
0
0
0
0
3.76405
3.76405
3.76405
3.76405
3.76405
3.76405
3.76405
3.76405
3.76405
0
4.9547
4.9547
4.9547
4.9547
4.9547
4.9547
4.9547
4.9547
4.9547
4.9547
4.9547
4.9547
4.9547
4.9547
4.9547
4.9547
4.9547
4.9547
4.9547
4.9547
4.9547
4.9547
4.9547
4.9547
4.9547
4.9547
4.9547
4.9547
4.9547
4.9547
4.9547
4.9547
4.9547
4.9547
4.9547
4.9547
4.9547
4.9547
4.9547
4.9547
4.9547
4.9547
4.9547
4.9547
4.9547
4.9547
4.9547
4.9547
4.9547
9.57916
9.57916
9.57916
9.57916
9.57916
9.57916
9.57916
9.57916
9.57916
9.57916
9.57916
9.57916
9.57916
9.57916
9.57916
9.57916
9.57916
9.57916
9.57916
9.57916
9.57916
7.04197
7.15881
6.86976
6.33985
6.02521
6.06335
6.06335
6.06335
6.06335
6.06335
6.06335
6.06335
4.39832
4.39832
4.39832
4.39832
4.39832
4.39832
4.39832
4.39832
4.39832
4.39832
4.39832
4.39832
0
8.21914
8.21914
8.21914
8.21914
8.21914
8.21914
8.21914
8.21914
8.21914
8.21914
8.21914
8.21914
8.21914
8.21914
8.21914
8.21914
8.21914
8.21914
8.21914
8.21914
8.21914
8.21914
8.21914
8.21914
8.21914
8.21914
8.21914
8.21914
8.21914
8.21914
8.21914
8.21914
8.21914
8.21914
8.21914
8.21914
8.21914
8.21914
8.21914
8.21914
8.21914
8.21914
8.21914
8.21914
8.21914
8.21914
8.21914
8.21914
8.21914
9.72557
9.72557
9.72557
9.72557
9.72557
9.72557
9.72557
9.72557
9.72557
9.72557
9.72557
9.72557
3.3401
3.90812
2.33414
2.14054
2.14054
2.49994
2.26962
2.26962
2.26962
2.26962
2.26962
2.26962
2.26962
2.26962
2.26962
2.26962
2.26962
2.26962
2.26962
0
0
0
0
0
0
0
0
0
0
0
0
0
0
0
0
0
0
0
0
0
0
0
0
0
0
0
0
0
0
0
0
0
0
0
0
0
0
0
0
0
3.0442
3.0442
3.0442
3.0442
3.0442
3.0442
3.0442
3.0442
3.0442
3.0442
3.0442
3.0442
3.0442
3.0442
3.0442
3.0442
3.0442
3.0442
3.0442
3.0442
3.0442
3.0442
3.0442
3.0442
3.0442
3.0442
3.0442
3.0442
3.0442
3.0442
3.0442
3.0442
3.0442
3.0442
3.0442
3.0442
3.0442
3.0442
3.0442
3.0442
3.0442
3.0442
3.0442
3.0442
3.0442
3.0442
3.0442
3.0442
3.0442
6.63826
6.63826
6.63826
6.63826
6.63826
6.63826
6.63826
6.63826
6.63826
6.63826
6.63826
6.63826
6.63826
6.63826
6.63826
6.63826
6.63826
6.63826
6.63826
6.63826
6.63826
6.63826
6.63826
6.63826
6.63826
6.63826
6.63826
6.63826
6.63826
6.63826
6.63826
6.63826
6.63826
6.63826
6.63826
6.63826
6.63826
6.63826
6.63826
6.63826
6.63826
6.63826
6.63826
6.63826
6.63826
6.63826
6.63826
6.63826
6.63826
6.63826
9.66589
9.66589
9.66589
9.66589
9.66589
9.66589
9.66589
9.66589
9.66589
9.66589
9.66589
9.66589
9.66589
9.66589
9.66589
9.66589
9.66589
9.66589
9.66589
9.66589
9.66589
9.66589
9.66589
9.66589
9.66589
9.66589
9.66589
9.66589
9.66589
9.60586
9.39351
9.39351
9.39351
8.04492
7.89409
7.87418
7.56688
7.47185
5.57162
5.57162
5.57162
5.57162
5.57162
5.57162
5.57162
5.57162
5.57162
5.57162
5.57162
5.57162
0
7.64798
7.64798
7.64798
7.64798
7.64798
7.64798
7.64798
7.64798
7.64798
7.64798
7.64798
7.64798
7.64798
7.64798
7.64798
7.64798
7.64798
7.64798
7.64798
7.64798
7.64798
7.64798
7.64798
0
0
0
0
0
0
0
0
0
0
0
0
0
0
0
0
0
0
0
0
0
0
0
0
0
0
0
0
0
0
0
0
0
0
0
0
0
0
0
0
0
0
0
0
0
0
0
0
0
0
0
0
0
0
0
0
0
0
0
2
2
2
2
2
2
2
2
2
2
2
2
2
2
2
2
2
2
2
2
2
2
2
2
2
2
2
2
2
2
2
2
2
2
2
2
2
2
2
2
2
2
2
2
2
2
2
2
2
14.5773
14.5773
14.5773
14.5773
14.5773
14.5773
14.5773
14.5773
14.5773
14.5773
14.5773
14.5773
14.5773
14.5773
14.5773
14.5773
14.5773
14.5773
6
14.5773
14.5773
6
6
6
6
6
6
6
4.61028
4.61028
14.5773
4.48602
4.48602
14.5773
14.5773
14.5773
14.5773
14.5773
14.5773
14.5773
14.5773
14.5773
14.5773
14.5773
14.5773
6
2
2
2
2
2
2
2
2
2
2
2
2
2
2
2
2
2
2
2
2
2
2
2
2
2
2
2
2
2
2
2
2
2
2
2
2
2
2
2
2
2
2
2
2
2
2
2
2
12.1505
12.1505
12.1505
12.1505
12.1505
12.1505
12.1505
12.1505
12.1505
12.1505
7.63948
6.52259
5.8092
5.8092
5.8092
5.8092
5.13675
4.46521
4.37512
4.35909
4.35909
4.35909
4.35909
4.35909
4.35909
4.35909
4.35909
0
5.18998
5.18998
5.18998
5.18998
5.18998
5.18998
5.18998
5.18998
5.18998
5.18998
5.18998
5.18998
5.18998
5.18998
5.18998
5.18998
5.18998
5.18998
5.18998
5.18998
5.18998
5.18998
5.18998
5.18998
3.74315
3.87167
3.61602
3.61602
3.61602
3.61602
3.61602
3.61602
2.15892
2.15892
2.15892
2.15892
2.15892
2.15892
2.15892
2.15892
2.15892
2.15892
2.15892
2.15892
0
12.4175
12.4175
12.4175
12.4175
12.4175
12.4175
12.4175
12.4175
12.4175
3.06567
3.06567
3.06567
3.06567
3.06567
3.06567
3.06567
3.06567
3.06567
3.06567
3.06567
3.06567
3.06567
0
0
0
0
0
0
0
0
0
0
0
0
0
0
0
0
0
0
0
0
0
0
0
0
0
0
0
0
0
0
0
0
0
0
0
0
0
5.86535
5.86535
5.86535
5.86535
5.86535
5.86535
5.86535
5.86535
5.86535
5.86535
5.86535
5.86535
5.86535
5.86535
5.86535
5.86535
5.86535
5.86535
5.86535
5.86535
5.86535
5.86535
5.86535
5.86535
5.86535
5.86535
2.96639
2.96639
2.96639
2.96639
2.96639
2.96639
2.96639
2.96639
2.96639
2.96639
2.96639
2.96639
2.96639
0
0
0
0
0
0
0
0
0
0
0
0
0
0
0
0
0
0
0
0
0
0
0
0
0
0
0
0
0
0
0
0
0
0
0
0
0
0
0
0
0
0
0
5.84286
5.84286
5.84286
5.84286
5.84286
5.84286
5.84286
5.84286
5.84286
5.84286
5.84286
5.84286
5.84286
5.84286
5.84286
5.84286
5.84286
5.84286
5.84286
5.84286
5.84286
5.84286
5.84286
5.84286
5.84286
5.84286
5.84286
5.84286
5.84286
5.84286
5.84286
5.84286
5.84286
5.84286
4.34969
4.36274
4.37313
4.37937
4.37937
3.91939
3.91939
3.91939
3.91939
3.91939
3.91939
3.91939
3.91939
3.91939
3.91939
0
0
4.01388
4.01388
4.01388
1.87227
1.87227
1.87227
1.87227
1.87227
1.87227
1.87227
1.87227
1.87227
1.87227
1.87227
1.87227
0
2.31977
2.31977
2.31977
2.31977
2.31977
2.31977
2.31977
2.31977
2.31977
2.31977
2.31977
2.31977
2.31977
2.31977
2.31977
2.31977
2.31977
2.31977
2.31977
2.31977
2.31977
2.31977
2.31977
2.31977
2.31977
2.31977
2.31977
2.31977
2.31977
2.31977
2.31977
2.31977
2.31977
2.31977
2.31977
2.31977
2.31977
2.31977
2.31977
2.31977
2.31977
2.31977
2.31977
2.31977
2.31977
2.31977
2.31977
2.31977
2.31977
16.5375
16.5375
16.5375
16.5375
16.5375
16.5375
16.5375
16.5375
16.5375
16.5375
16.5375
16.5375
16.5375
16.5375
16.5375
16.5375
16.5375
16.5375
16.5375
16.5375
16.5375
6.8174
6.82853
6.81108
6.80883
9.15388
9.03446
9.18334
9.08705
6.94334
6.96364
6.60573
5.99035
5.66516
5.66516
5.66516
5.66516
5.66516
5.66516
5.66516
5.66516
5.66516
4.4251
4.4251
4.4251
4.4251
4.4251
4.4251
4.4251
4.4251
4.4251
4.4251
4.4251
0
8.257
8.257
3.66604
3.44414
3.44414
3.44414
3.44414
3.44414
3.44414
3.44414
3.44414
3.44414
3.44414
3.44414
0
15.983
15.983
15.983
15.983
15.983
15.983
15.983
15.983
15.983
15.983
15.983
15.983
15.983
15.983
15.983
15.983
15.983
15.983
15.983
15.983
15.983
15.983
15.983
12.6694
11.7775
11.8776
11.8776
10.7344
10.6981
10.6981
10.896
11.013
11.0237
11.0237
3.69258
3.5746
3.5746
3.75184
3.75184
3.75184
3.75184
1.11192
1.72432
1.72433
5.35585
2.29193
3.61607
3.67385
3.67385
3.67385
3.67385
3.67385
3.67385
3.67385
3.67385
3.67385
2.14205
2.14205
15.983
6
6
6
0
0
0
0
0.905324
0.905324
0.905324
0.905324
0.905324
0.905324
0.905324
0.905324
0.905324
0.905324
0.905324
0.905324
0.905324
2.48907
2.48907
2.48907
2.48907
2.48907
2.48907
2.48907
2.48907
2.48907
2.48907
2.48907
2.48907
2.48907
2.48907
2.48907
2.48907
2.48907
2.48907
2.48907
2.48907
2.48907
2.48907
2.48907
2.48907
2.48907
2.48907
2.48907
2.48907
2.48907
2.48907
2.48907
2.48907
2.48907
2.48907
2.48907
2.48907
2.48907
2.48907
2.48907
2.48907
2.48907
2.48907
2.48907
2.48907
2.48907
2.48907
2.48907
2.48907
2.48907
14.7702
14.7702
14.7702
14.7702
14.7702
14.7702
14.7702
14.7702
14.7702
14.7702
14.7702
14.7702
14.7702
14.7702
14.7702
7.46597
7.46597
7.55347
7.92299
7.80538
7.62359
7.61799
7.61799
7.61799
7.61799
7.61799
7.61799
5.85886
6.64615
6.64615
6.64615
6.64615
6.64615
6.64615
6.64615
6.64615
5.86963
5.60319
5.60319
5.60319
5.60319
5.60319
5.60319
5.60319
5.60319
0
6.88421
6.88421
6.88421
6.88421
6.88421
6.88421
6.88421
6.88421
6.88421
6.88421
6.88421
6.88421
6.88421
6.88421
6.88421
6.88421
6.88421
6.88421
6.88421
4.39213
4.74741
5.00065
4.53315
3.82142
3.59718
3.59718
3.59718
3.59718
3.59718
3.59718
3.59718
3.59718
3.59718
3.59718
3.59718
0
0
0
0
0
0
0
0
0
0
0
0
0
0
0
0
0
0
1.88391
1.88391
1.88391
1.88391
1.88391
1.88391
1.88391
1.88391
1.88391
1.88391
1.88391
1.88391
1.88391
1.88391
1.88391
1.88391
1.88391
1.88391
1.88391
1.88391
1.88391
1.88391
1.88391
1.88391
1.88391
1.88391
1.88391
1.88391
1.88391
1.88391
1.88391
1.88391
1.88391
1.88391
1.88391
1.88391
1.88391
1.88391
1.88391
1.88391
1.88391
1.88391
1.88391
1.88391
1.88391
1.88391
1.88391
1.88391
1.88391
1.88391
4.86964
4.86964
4.86964
4.86964
4.86964
4.86964
4.86964
4.86964
4.86964
4.86964
4.86964
4.86964
4.86964
4.86964
4.86964
4.86964
4.86964
4.86964
4.86964
4.86964
4.86964
4.86964
4.86964
4.86964
4.86964
4.86964
4.86964
4.86964
4.86964
4.86964
4.86964
4.86964
4.86964
4.86964
4.86964
4.86964
4.86964
4.86964
4.86964
4.86964
4.86964
4.86964
4.86964
4.86964
4.86964
4.86964
4.86964
4.86964
4.86964
4.86964
18.009
18.009
18.009
18.009
18.009
18.009
18.009
18.009
18.009
4.39173
4.40055
4.41072
4.41026
4.41026
4.41026
4.41026
4.41026
4.41026
4.40866
4.40866
4.40866
4.40866
4.40866
4.40866
4.40866
4.40866
4.40866
0
0
0
0
3.06684
3.06684
3.06684
1.94907
1.94907
1.94907
1.94907
1.94907
1.94907
1.94907
1.94907
1.94907
1.94907
1.94907
1.94907
0
0
0
0
0
0
2.11582
2.11582
2.11582
2.11582
2.11582
2.11582
2.11582
2.11582
2.11582
2.11582
2.11582
2.11582
2.11582
2.11582
2.11582
2.11582
2.11582
2.11582
2.11582
2.11582
2.11582
2.11582
2.11582
2.11582
2.11582
2.11582
2.11582
2.11582
2.11582
2.11582
2.11582
2.11582
2.11582
2.11582
2.11582
2.11582
2.11582
2.11582
2.11582
2.11582
2.11582
2.11582
2.11582
2.11582
2.11582
2.11582
2.11582
2.11582
2.11582
8.82374
8.82374
8.82374
8.82374
8.82374
8.82374
8.82374
8.82374
8.82374
8.82374
8.82374
5.99611
4.9978
3.65121
4.41294
4.41294
4.41294
4.41294
4.41294
4.41294
4.41294
4.41294
4.41294
4.41294
4.41294
0
9.12783
9.12783
9.12783
9.12783
4.14182
4.14182
4.14182
4.14182
4.14182
4.14182
4.14182
4.14182
4.14182
4.14182
4.14182
4.14182
0
7.85052
7.85052
7.85052
7.85052
7.85052
7.85052
7.85052
7.85052
7.85052
3.63351
4.15841
4.15841
4.15841
4.15841
4.15841
4.15841
3.44596
3.44596
3.44596
3.44596
3.44596
3.44596
3.44596
3.44596
3.44596
3.44596
0
0
0
0
0
0
0
0
0
0
0
0
0
0
0
0
0
0
0
0
0
0
0
2.18453
2.18453
2.18453
2.18453
2.18453
2.18453
2.18453
2.18453
2.18453
2.18453
2.18453
2.18453
2.18453
2.18453
2.18453
2.18453
2.18453
2.18453
2.18453
2.18453
2.18453
2.18453
2.18453
2.18453
2.18453
2.18453
2.18453
2.18453
2.18453
2.18453
2.18453
2.18453
2.18453
2.18453
2.18453
2.18453
2.18453
2.18453
2.18453
2.18453
2.18453
2.18453
2.18453
2.18453
2.18453
2.18453
2.18453
2.18453
2.18453
13.8174
13.8174
13.8174
13.8174
13.8174
13.8174
13.8174
13.8174
13.8174
13.8174
13.8174
13.8174
13.8174
13.8174
13.8174
13.8174
13.8174
13.8174
13.8174
13.8174
5.14772
4.8576
4.97919
5.2755
5.2852
4.38692
4.31495
4.19861
4.38931
4.38931
3.73409
3.73409
3.73409
3.73409
3.73409
3.73409
3.73409
3.73409
3.73409
3.73409
3.73409
0
8.35402
8.35402
8.35402
8.35402
8.35402
8.35402
4.75482
4.75482
4.75482
4.75482
4.75482
4.75482
4.75482
4.75482
4.75482
4.75482
0
7.95959
7.95959
7.95959
7.95959
7.95959
7.95959
4.57609
4.53428
4.55258
4.5833
4.15055
3.62089
3.41993
3.41993
3.41993
3.41993
3.41993
3.41993
3.41993
3.41993
3.41993
3.41993
3.41993
0
0
0
1.97561
1.97561
1.97561
1.97561
1.97561
1.97561
1.97561
1.97561
1.97561
1.97561
1.97561
1.97561
1.97561
1.97561
1.97561
1.97561
1.97561
1.97561
1.97561
1.97561
1.97561
1.97561
1.97561
1.97561
1.97561
1.97561
1.97561
1.97561
1.97561
1.97561
1.97561
1.97561
1.97561
1.97561
1.97561
1.97561
1.97561
1.97561
1.97561
1.97561
1.97561
1.97561
1.97561
1.97561
1.97561
1.97561
1.97561
1.97561
1.97561
1.97561
12.5496
12.5496
12.5496
12.5496
12.5496
12.5496
12.5496
12.5496
12.5496
12.5496
12.5496
12.5496
12.5496
12.5496
12.5496
12.5496
12.5496
12.5496
12.5496
12.5496
12.5496
12.5496
12.5496
12.5496
12.5496
12.5496
12.5496
12.5496
12.5496
12.5496
12.5496
9.65128
9.60781
9.60781
9.60781
9.21869
8.93865
9.30978
9.15011
7.81566
7.78728
7.48713
7.36391
7.16218
5.14726
5.14726
5.14726
5.14726
5.14726
5.14726
5.14726
5.14726
5.14726
5.14726
5.14726
5.14726
5.14726
0
10.3613
10.3613
10.3613
10.3613
10.3613
10.3613
10.3613
10.3613
10.3613
10.3613
10.3613
10.3613
10.3613
10.3613
10.3613
10.3613
10.3613
10.3613
10.3613
10.3613
10.3613
10.3613
10.3613
6.57167
6.96123
6.96123
6.96123
6.96123
6.96123
6.89902
6.58218
6.3566
6.41456
6.11378
6.22358
6.22358
5.22453
4.38308
4.12436
3.94179
3.94179
3.94179
3.94179
3.94179
3.94179
3.94179
3.94179
3.94179
0
7.48592
7.48592
7.48592
7.48592
7.48592
7.48592
7.48592
7.48592
7.48592
7.48592
7.48592
7.48592
7.48592
3.51781
3.85222
3.85222
3.85222
3.85222
3.85222
3.85222
3.85222
3.85222
3.85222
3.85222
3.85222
3.85222
0
0
0
0
0
1.95588
1.95588
1.95588
1.95588
1.95588
1.95588
1.95588
1.95588
1.95588
1.95588
1.95588
1.95588
1.95588
0
12.7054
12.7054
12.7054
12.7054
12.7054
12.7054
12.7054
12.7054
12.7054
12.7054
4.13765
4.13765
4.13765
4.13765
3.60169
3.81771
3.81771
3.81771
3.81771
3.81771
3.81771
3.81771
3.81771
3.81771
0
0
0
2
2
2
2
2
2
2
2
2
2
2
2
2
2
2
2
2
2
2
2
2
2
2
2
2
2
2
2
2
2
2
2
2
2
2
2
2
2
2
2
2
2
2
2
2
2
2
2
11.9885
11.9885
11.9885
11.9885
11.9885
11.9885
11.9885
11.9885
11.9885
8.17203
8.17203
8.17203
5.7835
5.7835
5.7835
5.7835
5.24852
4.04705
3.33066
2.73066
2.73066
2.73066
2.73066
2.73066
2.73066
2.73066
2.73066
2.73066
2.73066
2.73066
2.73066
0
15.1433
15.1433
15.1433
15.1433
15.1433
15.1433
15.1433
15.1433
15.1433
15.8563
3.96083
3.76189
3.76189
3.51965
3.51965
3.51965
3.51965
3.51965
3.51965
3.51965
3.51965
3.51965
3.51965
3.51965
3.51965
0
0
0
0
0
0
0
0
0
0
4.11671
4.11671
4.11671
4.11671
4.11671
4.11671
4.11671
4.11671
4.11671
11.5522
11.5522
11.5522
11.5522
11.5522
11.5522
2.49058
2.49058
2.49058
2.49058
2.49058
2.49058
2.49058
2.49058
2.49058
2.49058
2.49058
2.49058
2.49058
2.49058
0
0
0
0
0
0
0
0
0
0
0
0
0
0
0
0
0
0
0
0
0
0
0
0
0
0
0
0
0
0
0
0
0
0
0
0
0
0
0
0
0
0
0
0
0
0
0
0
0
0
0
0
0
0
0
5.8656
5.8656
5.8656
5.8656
5.8656
5.8656
5.8656
5.8656
5.8656
5.8656
5.3632
5.3632
5.3632
5.3632
5.3632
5.3632
5.3632
5.3632
5.3632
5.3632
7.54428
7.54428
7.54428
7.54428
7.54428
7.54428
7.54428
7.54428
2.70598
3.27508
3.27508
3.27508
3.27508
3.27508
3.27508
3.27508
3.27508
3.27508
3.27508
3.27508
3.27508
3.27508
0
0
0
0
0
0
0
0
0
0
0
0
0
0
0
0
0
0
0
0
0
0
0
0
0
0
0
0
0
0
0
0
0
5.84334
5.84334
5.84334
5.84334
5.84334
5.84334
5.84334
5.84334
5.84334
15.6489
15.6489
15.6489
15.6489
15.6489
15.6489
15.6489
15.6489
4.36015
4.30754
4.30754
4.30754
4.30754
4.30754
4.30754
4.30754
4.30754
4.30754
4.30754
4.30754
4.30754
4.30754
0
0
0
0
0
0
0
0
0
0
0
0
0
0
0
0
0
3.69854
3.69854
3.69854
2.16744
2.16744
2.16744
2.16744
2.16744
2.16744
2.16744
2.16744
2.16744
2.16744
2.16744
2.16744
0
2.31978
2.31978
2.31978
2.31978
2.31978
2.31978
2.31978
2.31978
2.31978
5.97495
5.97495
5.97495
5.97495
5.97495
5.97495
5.97495
5.97495
5.97495
5.97495
14.4463
14.4463
14.4463
14.4463
14.4463
14.4463
14.4463
14.4463
14.4463
14.4463
17.9153
17.9153
17.9153
17.9153
17.9153
17.9153
17.9153
17.9153
6.83556
6.90492
7.04771
6.86213
6.81747
6.77033
6.77033
9.13661
9.08535
9.05306
9.02783
9.05745
7.01108
6.7006
6.22825
5.91444
5.97316
5.97316
5.97316
5.97316
5.97316
5.97316
5.97316
5.97316
4.52771
4.52771
4.52771
4.52771
4.52771
4.52771
4.52771
4.52771
4.52771
4.52771
4.52771
4.52771
0
6.0088
6.0088
6.0088
6.0088
6.0088
6.0088
6.0088
6.0088
6.0088
6.0088
14.8932
14.8932
14.8932
14.8932
14.8932
14.8932
14.8932
14.8932
14.8932
14.8932
17.5808
17.5808
17.5808
17.5808
17.5808
17.5808
17.5808
17.5808
17.5808
10.0588
10.0588
11.8957
11.8321
11.9491
10.7734
10.5371
10.7516
10.7171
10.9449
11.0102
11.0248
3.84584
3.60825
3.60825
3.60825
3.60825
3.60825
3.60825
3.60825
1.11192
1.72432
1.72433
1.98041
1.98041
2.29193
2.29193
2.29193
2.29193
2.29193
2.29193
2.29193
2.29193
2.29193
2.29193
2.29193
2.29193
2.29193
2.29193
0
0
0
0
2.46222
2.46222
2.46222
2.46222
2.46222
2.46222
2.46222
2.46222
2.46222
2.46222
2.4748
2.4748
2.4748
2.4748
2.4748
2.4748
2.4748
2.4748
2.4748
2.4748
2.4748
2.47537
2.47537
2.47537
2.47537
2.47537
2.47537
2.47537
2.47537
2.47537
2.47537
6
6
6
6
6
6
6
6
6
6
6
13.2636
13.2636
13.2636
13.2636
13.2636
13.2636
13.2636
13.2636
13.2636
13.2636
17.8542
17.8542
7.45967
6.99358
6.99358
7.4825
8.02934
7.92505
7.7446
7.73436
7.73436
7.73436
7.73436
7.73436
0
6.07087
6.88871
6.88871
6.88871
6.88871
6.88871
6.52716
6.52716
6.2273
5.70683
5.76694
5.76694
5.76694
5.76694
5.76694
5.76694
5.76694
0
6.67724
6.67724
6.67724
6.67724
6.67724
6.67724
6.67724
6.67724
6.67724
14.2252
14.2252
14.2252
5.2902
5.8996
5.8996
5.8996
5.8996
5.8996
5.8996
4.49203
4.7693
4.98049
4.29449
3.54962
3.307
3.307
3.307
3.307
3.307
3.307
3.307
3.307
3.307
3.307
3.307
0
0
0
0
0
0
0
0
0
0
0
0
0
0
0
0
0
0
0
0
1.88391
1.88391
1.88391
1.88391
1.88391
1.88391
1.88391
1.88391
1.88391
1.88391
14.9765
14.9765
14.9765
14.9765
14.9765
14.9765
14.9765
14.9765
5.0379
5.0379
5.0379
5.0379
5.0379
5.0379
5.0379
5.0379
5.0379
5.0379
5.0379
3.54838
2.36265
2.89578
2.89578
2.89578
2.89578
2.89578
2.89578
2.89578
2.89578
2.89578
2.89578
2.89578
2.89578
0
12.6251
12.6251
12.6251
12.6251
12.6251
12.6251
12.6251
12.6251
12.6251
12.6251
14.5829
14.5829
14.5829
14.5829
14.5829
14.5829
14.5829
14.5829
14.5829
4.02316
4.11919
4.24349
4.26592
4.26592
4.26592
4.26592
4.26592
4.26592
4.26592
4.26592
4.26592
4.26592
4.26592
4.26592
4.26592
4.26592
4.26592
0
16.3018
16.3018
16.3018
16.3018
4.40004
4.42457
4.42335
4.2
4.08644
4.0909
4.0909
4.0909
4.0909
4.0909
4.0909
4.0909
4.0909
4.0909
0
0
2.01682
2.01682
2.01682
2.01682
2.01682
2.01682
2.01682
2.01682
2.01682
2.01682
2.01682
2.01682
2.01682
0
0
0
2.11582
2.11582
2.11582
2.11582
2.11582
2.11582
2.11582
2.11582
2.11582
2.11582
2.11582
2.11582
2.11582
2.11582
2.11582
2.11582
2.11582
2.11582
2.11582
2.11582
2.11582
2.11582
2.11582
2.11582
2.11582
2.11582
2.11582
2.11582
2.11582
2.11582
7.06493
7.06493
7.06493
7.06493
7.06493
7.06493
7.06493
7.06493
7.06493
7.06493
6.30386
6.30386
6.30386
6.30386
6.30386
6.30386
6.30386
6.30386
6.30386
6.30386
6.30386
4.57611
4.57611
4.57611
4.57611
4.57611
4.57611
4.57611
4.57611
4.57611
4.57611
4.57611
0
9.32442
9.32442
9.32442
9.32442
4.18295
4.18295
4.18295
4.18295
4.18295
4.18295
4.18295
4.18295
4.18295
4.18295
4.18295
4.18295
0
7.5419
7.5419
7.5419
7.5419
7.5419
7.5419
7.5419
7.5419
7.5419
3.59257
3.59257
3.59257
3.59257
3.59257
3.59257
3.59257
3.59257
3.59257
3.59257
3.59257
3.59257
3.59257
0
0
0
0
0
0
0
0
0
0
0
0
0
0
0
0
0
0
0
0
0
0
0
0
0
0
0
0
2.18453
2.18453
2.18453
2.18453
2.18453
2.18453
2.18453
2.18453
2.18453
2.18453
8.44096
8.44096
8.44096
8.44096
8.44096
2.83905
2.83905
2.83905
2.83905
2.83905
2.83905
2.83905
2.83905
2.83905
2.83905
2.83905
2.83905
2.83905
0
18.248
18.248
18.248
18.248
18.248
18.248
18.248
18.248
18.248
15.6941
15.6941
15.6941
15.6941
15.6941
15.6941
15.6941
15.6941
15.6941
6.89611
6.89611
6.89611
6.89611
5.20225
5.20225
5.20225
5.20225
5.20225
4.2302
4.2302
4.2302
4.2302
4.2302
4.2302
4.2302
4.2302
4.2302
4.2302
4.2302
4.2302
4.2302
0
8.56138
8.56138
8.56138
8.56138
8.56138
8.56138
8.56138
8.56138
8.56138
5.60087
5.20905
5.20905
5.20905
5.20905
5.20905
5.20905
5.20905
5.20905
5.20905
5.20905
0
8.90378
8.90378
8.90378
8.90378
4.57384
4.59539
4.56403
4.5792
4.31227
3.81829
3.59088
3.64773
3.64773
3.64773
3.64773
3.64773
3.64773
3.64773
3.64773
3.64773
3.64773
0
1.68608
1.68608
1.68608
1.68608
1.68608
1.68608
1.68608
1.68608
1.68608
1.68608
1.68608
1.68608
1.68608
0
3.31548
3.31548
3.31548
3.31548
3.31548
3.31548
3.31548
3.31548
3.31548
3.31548
2.24118
2.24118
2.24118
2.24118
2.24118
2.24118
2.24118
2.24118
2.24118
2.24118
2.24118
4.94849
4.94849
4.94849
4.94849
4.94849
4.94849
4.94849
4.94849
4.94849
4.94849
10.8537
10.8537
10.8537
10.8537
10.8537
10.8537
10.8537
10.8537
10.8537
10.8537
10.8537
12.9929
12.9929
12.9929
12.9929
12.9929
12.9929
12.9929
12.9929
12.9929
12.9929
19.5817
19.5817
19.5817
19.5817
19.5817
19.5817
8.43793
10.05
10.0206
10.1622
9.64575
9.61803
9.68229
9.55804
9.04892
8.86168
9.27988
9.2579
7.77105
7.50659
7.46684
7.28276
5.00297
5.00297
5.00297
5.00297
5.00297
5.00297
5.00297
5.00297
5.00297
5.00297
5.00297
5.00297
5.00297
0
10.5899
10.5899
10.5899
10.5899
10.5899
10.5899
10.5899
10.5899
10.5899
18.192
18.192
18.192
18.192
18.192
18.192
18.192
12.0366
11.0627
6.59648
0
0
0
0
0
0
0
0
0
0
0
0
0
0
0
0
0
0
0
0
0
0
0
0
0
0
0
0
0
0
0
0
0
0
0
0
0
0
0
0
0
0
0
0
0
0
0
0
0
0
0
0
0
0
0
0
0
0
0
0
0
0
0
0
0
0
0
0
0
0
0
0
0
0
0
0
0
0
0
0
0
0
0
0
0
0
0
0
0
0
0
0
0
0
0
0
0
0
0
0
0
0
0
0
0
0
0
0
0
0
0
0
0
0
0
0
0
0
0
0
0
0
0
0
0
0
0
0
0
0
0
0
0
0
0
0
0
0
0
0
0
0
0
0
0
0
0
0
0
0
0
0
0
0
0
0
0
0
0
0
0
0
0
0
2
2
2
2
2
2
2
2
2
2
2
2
2
2
2
2
2
2
2
2
2
2
2
2
2
2
2
2
2
2
2
2
2
2
2
2
2
2
2
2
2
2
2
2
2
2
2
2
11.9153
11.9153
11.9153
11.9153
11.9153
11.9153
11.9153
11.9153
11.9153
8.21542
8.21542
8.21542
5.7725
5.7725
5.7725
5.7725
5.22414
4.36972
4.15073
4.00424
4.00424
4.00424
4.00424
4.00424
4.00424
4.00424
4.00424
0
12.7459
12.7459
12.7459
12.7459
12.7459
12.7459
12.7459
4.24539
4.24539
4.24539
4.24539
4.24539
4.24539
4.24539
4.24539
4.24539
4.24539
4.24539
4.24539
4.24539
0
7.87459
0
0
0
0
0
0
0
3.10537
2.3071
2.3071
2.3071
2.3071
2.3071
2.3071
2.3071
2.3071
2.3071
2.3071
2.3071
2.3071
2.3071
0
12.7875
12.7875
12.7875
12.7875
12.7875
12.7875
12.7875
12.7875
12.7875
3.72721
3.72721
3.72721
3.72721
3.72721
3.72721
3.72721
3.72721
3.72721
3.72721
3.72721
3.72721
3.72721
0
0
0
0
0
0
0
0
0
0
0
0
0
1.40226
1.40226
1.40226
1.40226
1.40226
1.40226
1.40226
1.40226
1.40226
1.40226
1.40226
1.40226
0
0
0
0
0
0
0
0
0
0
0
0
5.86535
5.86535
5.86535
5.86535
5.86535
5.86535
5.86535
5.86535
5.86535
5.3632
5.3632
5.3632
5.3632
5.3632
5.3632
5.3632
5.3632
5.3632
5.3632
9.0193
9.0193
9.0193
9.0193
9.0193
9.0193
2.75125
2.75125
2.75125
2.75125
2.75125
2.75125
2.75125
2.75125
2.75125
2.75125
2.75125
2.75125
2.75125
0
0
0
0
0
0
0
0
0
0
0
0
0
0
0
0
0
0
0
0
0
0
0
0
0
0
0
0
0
0
0
0
0
0
0
0
0
0
0
0
0
0
0
0
0
0
0
0
0
0
0
0
0
5.8431
5.8431
5.8431
5.8431
5.8431
5.8431
5.8431
5.8431
5.8431
12.1495
12.1495
12.1495
12.1495
12.1495
12.1495
12.1495
12.1495
12.1495
4.36728
4.31321
4.31321
4.31321
4.31321
4.31321
4.31321
4.31321
4.31321
4.31321
4.31321
4.31321
4.31321
4.31321
0
0
0
0
0
0
0
0
0
0
0
0
0
0
0
0
0
3.93861
3.93861
3.93861
1.87227
1.87227
1.87227
1.87227
1.87227
1.87227
1.87227
1.87227
1.87227
1.87227
1.87227
1.87227
0
2.31978
2.31978
2.31978
2.31978
2.31978
2.31978
2.31978
2.31978
2.31978
5.42582
5.42582
5.42582
5.42582
5.42582
5.42582
5.42582
5.42582
5.42582
5.42582
15.0378
15.0378
15.0378
15.0378
15.0378
15.0378
15.0378
15.0378
15.0378
15.0378
14.7044
14.7044
14.7044
14.7044
14.7044
14.7044
14.7044
14.7044
14.7044
6.85634
6.85634
6.85634
6.85634
6.85634
6.85634
6.85634
6.85634
6.85634
6.85634
6.85634
6.85634
6.85634
6.85634
6.85634
0
9.04209
5.76561
5.24616
5.28006
5.28006
5.28006
5.28006
5.28006
5.28006
5.28006
5.28006
3.76386
3.76386
3.76386
3.76386
3.76386
3.76386
3.76386
3.76386
3.76386
3.76386
3.76386
3.76386
0
10.9652
10.9652
10.9652
10.9652
3.01023
3.01023
3.01023
3.01023
3.01023
3.01023
3.01023
3.01023
3.01023
3.01023
3.01023
3.01023
3.01023
0
16.3852
16.3852
16.3852
16.3852
16.3852
16.3852
16.3852
16.3852
16.3852
14.2487
14.2487
14.2487
14.2487
14.2487
14.2487
14.2487
14.2487
14.2487
14.2487
18.781
18.781
18.781
18.781
18.781
11.7805
11.8344
11.9535
10.8034
10.6874
10.9111
11.1164
10.9028
10.9596
11.0958
3.79078
3.58222
3.58222
3.58222
3.8301
3.8301
3.8301
3.8301
1.08149
1.72432
1.72433
3.84225
2.29193
3.61603
3.67378
3.67378
3.67378
3.67378
3.67378
3.67378
3.67378
3.67378
3.67378
0
3.67454
3.67454
3.67454
3.67454
1.18394
1.18394
1.18394
1.18394
1.18394
1.18394
1.18394
1.18394
1.18394
1.18394
1.18394
1.18394
1.18394
0
0
0
0
0
0
0
0
0
0
0
3.29963
0
0
0
0
0
0
0
0
0
0
0
3.78758
0
0
0
0
0
0
0
0
0
0
0
0
0
0
0
0
2.62499
0
0
0
0
0
0
0
1.82652
1.82652
1.82652
1.82652
1.82652
1.82652
1.82652
1.82652
1.82652
3.99502
3.99502
3.99502
3.99502
3.99502
3.99502
3.99502
3.99502
3.99502
3.99502
2.09145
2.09145
2.09145
2.09145
2.09145
2.09145
2.09145
2.09145
2.09145
2.09145
2.09145
6.11841
6.11841
6.11841
6.11841
6.11841
6.11841
6.11841
6.11841
6.11841
6.11841
3.47721
3.47721
3.47721
3.47721
3.47721
3.47721
3.47721
2.03021
2.03021
2.03021
2.03021
2.03021
2.03021
2.03021
2.03021
2.03021
2.03021
2.03021
2.03021
2.03021
0
5.83326
5.83326
5.83326
5.83326
5.83326
5.83326
5.83326
5.83326
5.83326
6.67642
6.67642
6.67642
6.67642
6.67642
2
2
2
2
2
2
2
2
2
2
2
2
2
2
2
2
2
2
2
2
2
2
2
2
2
2
2
2
2
2
2
2
2
2
2
2
2
2
2
2
2
2
2
2
2
2
2
2
2
2
11.9942
11.9942
11.9942
11.9942
11.9942
11.9942
11.9942
11.9942
11.9942
8.28385
8.28385
8.28385
5.82533
5.82533
5.82533
5.82533
5.05403
4.48838
4.48838
4.54238
4.54238
4.54238
4.54238
4.54238
4.54238
4.54238
0
11.5896
11.5896
11.5896
11.5896
11.5896
11.5896
4.21912
4.21912
4.21912
4.21912
4.21912
4.21912
3.43009
3.43009
3.43009
3.43009
3.43009
3.43009
3.43009
3.43009
3.43009
3.43009
3.43009
0
0
0
0
0
0
0
0
0
0
0
0
0
4.269
4.269
4.269
4.269
4.269
4.269
4.269
4.269
4.269
4.269
11.5369
11.5369
11.5369
11.5369
11.5369
11.5369
3.42677
3.42677
3.42677
3.42677
3.42677
3.42677
3.42677
3.42677
3.42677
3.42677
3.42677
3.42677
3.42677
0
0
0
0
0
0
0
0
0
0
0
0
0
0
0
0
0
0
0
0
0
0
0
0
0
0
0
0
0
0
5.8651
5.8651
5.8651
5.8651
5.8651
5.8651
5.8651
5.8651
5.8651
5.8651
5.23608
5.23608
5.23608
5.23608
5.23608
5.23608
5.23608
5.23608
5.23608
5.23608
5.23608
12.4015
12.4015
12.4015
2.46861
2.46861
2.54703
2.54703
2.54703
2.54703
2.54703
2.54703
2.54703
2.54703
2.54703
2.54703
2.54703
2.54703
2.54703
0
0
0
0
0
0
0
0
0
0
0
0
0
0
0
0
0
0
0
0
0
0
0
0
0
0
0
0
0
0
0
0
0
0
0
0
0
0
0
0
0
0
0
0
0
0
0
0
0
0
0
0
0
0
0
0
5.84286
5.84286
5.84286
5.84286
5.84286
5.84286
5.84286
