1
1
1
1
1
1
1
1
1
1
1
1
1
1
1
1
1
1
1
1
1
1
1
1
1
1
1
1
1
1
1
1
1
1
1
1
1
1
1
1
1
1
1
1
1
1
1
1
1
1
1
1
1
1
1
1
1
1
1
1
1
1
1
1
1
1
1
1
1
1
1
1
1
1
1
1
1
1
1
1
1
1
1
1
1
1
1
1
1
1
1
1
1
1
1
1
1
1
1
1
1
1
1
1
1
1
1
1
1
1
1
1
1
1
1
1
1
1
1
1
1
1
19.8659
19.8659
19.8659
19.8659
19.8659
19.8659
19.8659
19.8659
19.8659
19.8659
20
20
20
20
20
20
20
20
20
20
20
20
8.64561
8.64561
8.64561
8.75845
8.75972
8.75969
8.75972
8.75972
8.75972
8.75972
8.75972
8.75972
8.75972
8.75972
0
11.8467
11.8467
11.8467
11.8467
11.8467
11.8467
11.8467
11.8467
11.8467
11.8467
20
20
20
20
20
20
7.59595
7.68805
7.68805
7.76045
7.76045
7.76045
7.76045
7.76045
7.76045
7.76045
7.76045
7.76045
7.76045
7.76045
7.76045
7.76045
7.76045
4.9811
4.9811
4.9811
4.9811
4.9811
4.9811
4.9811
4.9811
4.9811
4.9811
4.9811
4.9811
4.9811
0
16.9755
16.9755
16.9755
16.9755
16.9755
16.9755
16.9755
16.9755
16.9755
16.9755
19.1748
19.1748
19.1748
19.1748
4.86686
4.87676
4.87676
4.69487
4.69487
4.69487
4.69487
4.69487
4.69487
4.69487
4.69487
4.69487
4.69487
4.69487
4.69487
4.69487
4.69487
4.69487
0
4.69487
4.69487
4.69487
4.69487
4.69487
0
0
0
0
0
0
0
0
0
0
0
0
0
6.34631
6.26162
6.66993
7.03581
7.42505
7.7605
7.93567
6.50049
5.60402
5.60403
7.95939
5.57156
5.57156
5.57158
5.57156
5.57158
5.57158
5.57158
5.57158
5.57158
17.488
17.488
17.488
17.488
17.488
17.488
17.488
17.488
17.488
17.488
17.488
20
20
20
0
10.5008
10.5008
10.5008
10.5008
10.5008
10.5008
10.5008
10.5008
10.5008
0
10.5008
10.5008
10.5008
5.76681
5.76682
5.76682
5.76682
5.76682
5.76682
5.76682
5.76682
5.76682
5.76682
5.76682
5.76682
5.76682
5.76682
5.76682
0
5.76682
5.76682
5.76682
5.76682
5.76682
5.76682
0
0
0
0
0
0
17.6987
6.19109
6.51659
6.89882
6.56381
5.73075
5.11534
4.35021
4.35021
7.24926
14.5518
14.5518
14.5518
14.5518
14.5518
11.5208
11.5208
11.5208
11.5208
11.5208
11.5208
11.5208
11.5208
11.5208
11.5208
20
20
20
20
20
20
20
5.45766
5.46285
5.46285
5.46285
5.46285
5.20253
5.20253
5.20253
5.20253
5.20253
5.20253
5.20253
5.20253
5.20253
5.20253
5.20253
5.20253
5.20253
5.20253
5.20253
0
5.20253
5.20253
5.20253
5.20253
5.20253
5.20253
5.20253
0
0
0
0
0
0
0
0
0
0
0
0
0
0
0
0
0
0
0
6.55393
7.34573
7.90699
8.20005
7.229
5.74419
5.7442
5.7442
6.42827
9.18321
6.42825
6.42824
6.42824
6.42824
6.42824
6.42824
6.42824
6.42824
6.42824
6.42824
17.8988
17.8988
17.8988
17.8988
17.8988
17.8988
17.8988
17.8988
17.8988
17.8988
17.8988
20
20
20
20
20
20
20
20
20
20
20
20
20
20
20
20
20
20
20
20
13.1192
13.1192
13.1192
12.4904
12.4904
12.4904
12.4904
12.4904
12.4904
12.4904
12.4904
12.4904
12.4904
12.4904
12.4904
12.4904
12.4904
0
0
0
10.3959
10.3959
9.7191
9.71908
10.223
10.2229
10.2229
10.2229
10.2229
10.2229
10.2229
0
18.0778
18.0778
18.0778
18.0778
10.0432
9.97394
9.97391
9.97394
9.97391
9.97391
9.97391
9.97391
9.97391
9.97391
9.97391
0
11.2337
11.2337
11.2337
11.2337
11.2337
11.2337
11.2337
11.2337
11.2337
20
20
20
20
20
20
20
20
20
20
20
20
20
20
20
20
20
20
20
20
20
20
20
20
20
20
20
20
20
20
20
17.6703
17.6703
17.6703
17.6703
17.6703
16.7901
16.7901
16.7901
16.7901
16.7901
16.7901
16.7901
5.72823
5.72328
5.72326
5.84041
5.80921
5.80921
5.00018
5.00017
5.01177
5.01177
4.96225
4.96225
4.9776
4.9776
4.9776
4.9776
4.9776
4.9776
4.9776
4.9776
4.9776
4.9776
4.9776
4.9776
4.9776
4.9776
4.9776
0
4.9776
4.9776
4.9776
4.9776
4.9776
4.9776
4.9776
4.9776
4.9776
4.9776
9.25585
9.25585
4.95588
4.95588
4.95588
4.95588
4.95588
4.95588
4.95588
4.95588
4.95588
0
0
0
0
0
0
0
0
5.89281
4.29886
4.67838
5.13394
5.52214
5.38301
4.53685
4.11121
4.11121
6.02416
8.60596
6.90362
6.90358
6.9036
6.90362
6.90364
6.90364
6.90364
6.90364
6.90364
6.90364
20
20
20
20
20
20
20
20
20
20
20
20
20
20
20
20
20
20
20
20
20
20
20
20
20
20
20
20
15.5443
15.5443
15.5443
15.149
15.149
15.149
14.1185
14.1182
14.1182
14.1182
14.1182
14.1182
14.1182
12.2572
12.2572
12.257
11.3484
11.3484
11.3484
11.3484
11.758
11.758
11.758
11.7579
11.6869
11.6869
11.6869
0
19.3351
8.39346
8.39346
8.39346
8.39346
8.39346
8.39346
8.39346
8.39346
8.39346
8.39346
7.98878
7.98876
7.98876
7.98876
7.98876
7.98876
7.98876
7.98876
7.98876
0
17.4709
17.4709
17.4709
17.4709
17.4709
17.4709
17.4709
17.4709
0
0
0
10.2995
10.2995
10.2995
10.2995
10.2995
10.2995
10.2995
10.2995
10.2995
10.2995
10.0391
10.0391
10.0391
10.0391
10.0391
9.69824
9.69824
9.69829
9.69826
9.69826
6.75211
6.75211
6.75211
6.75211
6.75211
6.75211
6.75211
6.75211
6.75211
6.75211
6.75211
6.75211
6.75211
0
0
0
0
6.75211
6.75211
0
0
6.75211
5.92608
6.154
6.46154
6.8695
6.8695
6.8695
6.8695
6.8695
6.8695
16.0937
16.0937
16.0937
16.0937
16.0937
16.0937
16.0937
16.0937
16.0937
16.0937
16.0937
20
20
20
9.72913
9.72913
9.72913
9.72913
8.77454
8.77457
8.77456
9.02848
9.02848
9.02848
9.02848
9.02848
9.02848
0
9.09629
9.09629
9.09629
9.09629
9.09629
9.09629
9.09629
9.09629
9.09629
9.09629
20
20
20
20
20
20
20
20
20
20
20
20
20
0
0
0
19.6457
19.6457
19.6457
19.6457
19.6457
19.6457
19.6457
19.6457
19.6457
19.6457
6.31493
6.2325
6.23252
5.40075
6.23925
6.23926
6.24168
5.71104
5.71107
5.71107
5.80553
5.35204
5.35205
5.35205
5.35205
5.35205
5.35205
5.35205
5.35205
5.35205
5.35205
5.35205
5.35205
5.35205
5.35205
5.35205
5.35205
5.35205
0
5.35205
5.35205
5.35205
5.35205
5.35205
5.35205
5.35205
5.35205
5.35205
5.35205
10.2206
10.2206
5.43188
5.43188
5.43188
5.43188
5.26091
5.26091
5.26091
5.26091
5.26091
5.26091
0
5.67853
5.34725
5.71943
6.1957
6.1957
6.95292
6.063
5.36431
5.36431
5.48943
5.48943
5.48943
5.48943
5.48943
5.48943
13.093
13.093
13.093
13.093
13.093
13.093
13.093
13.093
13.093
13.093
13.093
10.8151
9.34799
9.34797
9.34799
9.34799
9.34799
8.03652
8.03649
8.0365
8.0365
8.03652
7.44929
7.44929
7.44929
7.44929
7.44929
7.44929
7.44929
0
17.7659
17.7659
17.7659
17.7659
17.7659
17.7659
17.7659
17.7659
17.7659
17.7659
9.86133
9.86133
9.86133
9.96217
10.0344
10.0344
10.0344
10.0697
10.0697
9.50865
9.50858
9.50862
9.50865
9.6908
0
9.6908
9.6908
9.6908
9.6908
9.6908
9.6908
9.6908
9.6908
9.6908
9.6908
17.021
17.021
17.021
17.021
6.58445
6.58447
6.58447
6.58447
6.58447
6.58447
6.58447
6.58447
6.58447
6.58447
6.58447
6.58447
6.58447
6.58447
6.58447
6.58447
6.58447
6.58447
6.58447
6.58447
6.58447
6.58447
6.58447
6.58447
6.58447
6.58447
13.3948
13.3948
13.3948
0
0
0
0
0
13.3948
13.3948
6.4376
6.59654
6.70953
6.70953
6.70953
6.70953
6.70953
6.70953
14.1393
14.1393
14.1393
14.1393
14.1393
14.1393
14.1393
14.1393
14.1393
14.1393
14.1393
20
20
20
20
20
20
20
20
20
20
11.7595
11.7595
11.7595
11.7595
12.2702
12.1103
12.1102
12.1103
0
14
14
14
14
14
14
14
14
14
14
14
14
14
14
14
14
18.2538
18.2538
18.2538
0
9.33843
9.23824
9.23824
9.50808
9.50808
9.43967
9.43965
9.64984
9.64984
9.47453
9.47449
9.42756
7.15908
7.14403
7.14404
7.14404
7.41501
7.41496
0
