0.01
0.0258842
0.0419344
0.063513
0.0821927
0.10515
0.122799
0.147055
0.163506
0.180253
0.206148
0.221067
0.247894
0.262028
0.289487
0.30253
0.318778
0.343165
0.35923
0.387799
0.398672
0.427348
0.439285
0.467359
0.482261
0.491497
0.519628
0.528066
0.555753
0.564154
0.591181
0.604836
0.625203
0.638432
0.645939
0.670965
0.678607
0.702561
0.714737
0.732418
0.744156
0.752219
0.772851
0.780834
0.800162
0.808048
0.826118
0.833884
0.8437
0.859933
0.867541
0.882737
0.890154
0.904233
0.911441
0.924431
0
0.0304284
0.0493531
0.0652976
0.0874578
0.105298
0.128842
0.145604
0.170343
0.186074
0.202498
0.228077
0.242907
0.269993
0.283293
0.310443
0.32274
0.350978
0.362301
0.378103
0.406598
0.416634
0.445189
0.454525
0.477342
0.492285
0.520522
0.534943
0.543388
0.570839
0.57894
0.605684
0.6259
0.63907
0.646745
0.671721
0.679231
0.703114
0.71524
0.72247
0.744625
0.75197
0.773043
0.780337
0.800157
0.807397
0.817735
0.833464
0.850762
0.860129
0.867048
0.882104
0.895102
0.903456
0.910644
0.922875
0.930299
0.941408
0.948608
0.958711
0.965384
0.97212
0.981521
0.987529
0.994707
1.00105
1.00846
1.48795
1.87191
2.34959
2.82662
3.30857
3.69267
4.268
4.653
5.13394
5.6146
6.09511
6.67162
7.05362
7.53115
8.01165
8.49234
8.87714
9.35749
9.83784
10.3182
10.7986
11.2789
10.7572
10.5258
10.5037
10.1958
9.88744
9.63637
9.43612
9.27942
9.152
9.0518
8.98446
8.87433
8.80867
8.73623
8.67537
8.9448
9.20501
9.44435
9.66045
9.86209
9.98641
10.1349
10.3001
10.3929
10.5018
10.8965
11.3687
11.8497
12.3301
12.714
13.2903
12.7694
12.3529
11.8298
11.3075
10.784
10.2567
9.73845
9.29294
8.93066
8.69747
8.39334
8.2093
8.06012
7.96322
7.85866
7.77691
7.72383
7.18785
6.71948
6.33939
6.09384
5.83363
5.60568
5.40784
5.24188
5.15121
5.06817
5.03635
4.99117
4.95267
4.93906
5.41607
5.79984
6.25693
6.70399
7.14589
7.58664
8.0439
8.43313
8.91897
9.38233
9.84379
10.3056
10.7653
11.2314
10.7033
10.1849
9.66545
9.1435
8.62417
8.104
7.68797
7.16826
6.54491
6.19464
5.89878
5.5741
5.324
5.1128
4.95277
4.84996
4.73724
4.64604
4.61317
4.60633
4.59753
4.58878
4.58197
4.57233
4.5412
4.52307
4.50812
4.48898
4.45692
4.44234
4.42756
4.40951
4.39109
4.3561
4.29657
4.23557
4.21727
4.37318
4.50873
4.71084
4.94837
5.19235
5.43863
5.6701
5.70881
5.63545
5.53594
5.64426
5.52422
5.45222
5.37332
5.30596
5.24843
5.19814
5.1645
5.12696
5.09561
5.52092
5.94397
6.36298
6.79232
7.23652
7.70187
8.20548
8.5963
9.07696
9.55594
10.0339
10.5149
11.0912
11.4753
11.4557
11.2431
11.1022
10.909
10.7886
10.718
10.6685
10.5994
10.5376
10.4792
10.4583
10.4396
10.4103
10.3923
9.86172
9.34568
8.82694
8.41004
7.88668
7.4115
7.02768
6.72056
6.47157
6.27109
6.10944
6.005
5.89137
5.79991
5.73114
5.71154
5.69621
5.68363
5.67236
5.66113
5.64196
5.62739
5.58458
5.55728
5.55378
5.49096
5.44241
5.40295
5.80386
5.80181
5.87714
5.95792
5.97769
5.93992
5.85844
5.7541
5.65271
5.70284
6.04213
6.54236
6.95498
7.27445
7.68362
8.02146
8.21214
8.43467
8.63609
8.8137
8.94304
9.10135
9.25568
9.41795
9.59164
10.0797
10.6421
11.0076
11.3785
11.8544
12.3343
12.9061
12.4908
11.9688
11.4462
11.0308
10.5111
9.99152
9.57581
8.95217
8.43253
7.91292
7.49723
6.97761
6.54686
6.19952
5.9198
5.69454
5.54947
5.3597
5.26339
5.14954
5.13466
5.12218
5.10838
5.09851
5.08971
5.08161
5.07346
5.06291
5.02779
5.00854
4.9954
4.9782
4.96283
4.93684
4.91112
4.89508
4.87602
4.84932
4.81579
4.79912
4.78738
4.77184
4.71821
4.63904
4.54209
4.45024
4.3699
4.58119
4.89908
5.20097
5.42708
5.62164
5.57648
5.50128
5.41825
5.41939
5.64504
5.63198
5.62027
5.61441
5.60849
5.60382
5.60009
5.59706
5.59507
5.59295
5.6002
5.95513
6.56859
6.97311
7.4373
7.87974
8.3542
8.74581
9.19817
9.63377
10.0771
10.5234
10.8817
11.3363
11.7988
12.2781
12.7566
13.2345
13.8081
14.1877
14.6609
15.1349
15.5977
16.0134
16.3125
16.6566
16.9722
17.2505
17.5016
17.7281
17.9331
18.1185
17.5975
17.0769
16.6607
16.0364
15.6204
15.1005
14.5806
14.112
13.7342
13.4291
13.2323
12.9753
12.8493
12.7113
12.6039
12.5183
12.4499
12.4283
12.3997
12.3669
11.9387
11.6673
11.2657
10.9257
10.7248
10.5649
10.4771
10.3997
10.3363
10.2681
10.2051
10.1472
10.5084
10.9672
11.4363
11.919
11.5167
11.1845
10.9181
10.7448
10.5304
10.4226
10.3029
10.1927
10.1129
10.0166
9.9204
9.8589
9.9319
9.98423
10.046
10.1022
10.1557
10.2139
10.277
10.3514
10.4768
10.97
11.3543
11.8344
12.3142
12.7945
13.1788
13.6586
14.1368
14.7115
15.0946
15.5624
15.9922
16.3682
16.705
17.0087
17.2273
17.4827
17.7136
17.9171
18.1016
18.2689
18.4198
18.555
18.676
18.784
18.8616
18.9528
19.0495
19.1194
19.1674
19.219
18.8732
18.596
18.3775
18.2058
18.0691
17.7909
17.5657
17.3812
17.2582
17.1254
17.0194
16.9374
16.4129
15.89
15.4721
14.8458
14.3246
13.9082
13.3881
12.8683
12.3486
11.8289
11.3093
10.7895
10.2697
9.74938
9.22923
8.7077
8.29259
7.77299
7.25222
6.73108
6.28719
5.93801
5.65504
5.41534
5.23369
5.08526
4.9693
4.95404
4.93458
4.91776
4.89851
4.88717
4.87915
4.87245
4.86362
4.85049
4.84407
4.84012
5.26067
5.63319
5.45183
5.36179
5.27003
5.18585
5.10647
5.04699
5.01796
4.98963
4.94329
4.90181
4.89776
4.88754
4.87101
4.82545
4.75453
4.6638
4.56829
4.61544
4.55127
4.56535
4.65748
4.75066
4.78353
4.73572
4.65389
4.55637
4.61542
4.93591
5.05875
5.14842
5.25344
5.34522
5.42625
5.49731
5.55935
5.61333
5.66021
5.69285
6.03283
6.44471
6.85127
7.27497
7.73719
8.24282
8.7244
9.20249
9.58734
10.0669
10.5446
11.025
11.5043
11.9841
12.4642
12.8483
13.4242
13.8082
14.2884
14.7683
15.2483
15.6126
16.0383
16.4127
16.7504
17.0548
17.329
17.5261
17.1033
16.746
16.4752
16.1888
15.9562
15.7717
15.4861
15.115
14.8466
14.7433
14.5859
14.4599
14.3624
13.9143
13.5574
13.274
12.8652
12.5382
12.2761
12.1098
11.9957
11.9189
11.8511
11.7971
11.7471
11.7209
11.6839
11.6529
12.2221
11.7965
11.2666
10.7377
10.2216
9.8085
9.47463
9.20511
9.02858
8.84432
8.69825
8.53286
8.4038
8.29574
8.20342
8.13457
8.08573
8.03998
8.00819
7.97078
7.91758
8.26408
8.71426
9.17414
9.65367
10.1332
10.6132
11.0935
11.4775
11.4571
11.4364
11.4162
11.1709
10.971
10.8328
10.6805
10.5633
10.4798
10.4182
10.3627
10.3161
10.2827
10.2108
10.1574
10.1181
10.0724
10.0359
9.96603
9.89209
9.81707
9.75367
9.71488
9.19897
8.68601
8.34651
7.96564
7.6706
7.45071
7.25766
7.13
7.02086
6.9461
6.85679
6.77269
6.71788
6.69484
6.6414
6.60841
6.60814
6.61088
6.60335
6.56656
6.53435
6.505
6.44628
6.37387
6.33293
6.37829
6.42308
6.45768
6.4471
6.41141
6.36444
6.68579
7.09674
7.51277
7.93575
8.34845
8.74788
9.13936
9.53041
9.91929
10.2226
10.6657
10.958
11.3947
11.6857
11.1526
10.7241
10.383
10.1177
9.81703
9.5231
9.33106
9.25576
9.15973
9.08729
9.04735
9.03133
9.00277
8.94015
8.874
8.79909
8.73175
8.68141
8.62422
8.56154
8.49691
8.45229
8.41813
8.39514
8.80678
9.13791
9.55888
9.99107
10.4433
10.92
11.305
11.7729
12.251
12.7318
13.212
13.6915
14.1704
14.1459
14.1164
14.0889
14.4697
14.9398
15.3768
15.7699
16.1228
16.4406
16.7295
16.9393
17.1868
17.4088
16.8857
16.3633
15.842
15.3216
14.9056
14.3857
13.8659
13.2423
12.8266
12.4109
11.8912
11.3716
10.8519
10.4361
9.8126
9.3969
8.77333
8.25372
7.73408
7.31837
6.83389
6.4434
6.12695
5.87436
5.67116
5.50777
5.40279
5.2646
5.24937
5.24028
5.23036
5.21116
5.20808
5.20713
5.20308
5.19857
5.19423
5.18437
5.18264
5.66208
6.09654
5.9095
5.78696
5.73069
5.65597
5.54124
5.46834
5.41044
5.34982
5.2735
5.20599
5.1066
5.08094
5.0254
5.03588
5.15218
5.29164
5.43776
5.44138
5.37526
5.27327
5.19299
5.13208
5.08282
5.06195
5.0599
5.11193
5.61785
6.07786
6.57747
7.0718
7.44811
7.93017
8.39517
8.81704
9.20891
9.55705
9.87697
9.93829
9.78996
9.70517
9.60588
9.52172
9.4642
9.15336
8.9105
8.69808
8.55692
8.38183
8.0764
7.92527
7.80109
7.68902
7.5795
7.48188
7.41513
7.35351
7.81658
8.30755
8.79031
9.27153
9.74981
10.2223
10.7041
11.1845
11.5683
12.0485
11.5842
11.3811
11.3549
11.025
10.7768
10.583
10.4662
10.3595
10.2774
10.1017
9.94598
9.81476
9.71387
9.68259
9.66747
9.643
9.60992
9.57991
9.55092
9.54492
9.54321
9.52539
9.50415
9.49457
9.47841
9.96238
10.4388
10.9084
11.3819
10.9512
10.426
9.89954
9.37391
8.85529
8.33276
7.93128
7.67799
7.33888
7.16735
6.98977
6.83763
6.70693
6.62896
6.56527
6.54798
6.52882
6.51441
6.49815
6.47922
6.43596
6.43903
6.44562
6.44164
6.43719
6.43246
6.80347
7.25391
7.77085
7.71735
7.65363
7.6047
7.57794
7.52864
7.88015
8.31285
8.223
8.13432
8.05091
7.97748
7.8722
7.74726
7.65415
7.53616
7.81878
8.20087
8.58093
8.88308
9.25832
9.69095
9.94295
10.231
10.5061
10.7351
10.9401
11.3039
11.6667
12.0284
12.3169
12.6767
13.0357
13.3938
13.7513
14.108
14.393
13.7489
13.2035
12.7655
12.414
12.2672
12.1582
12.1155
12.0764
12.021
12.0743
12.1299
12.1769
12.2191
12.2495
12.2844
12.3157
12.3494
12.3642
12.3923
12.4125
12.4307
12.447
12.4588
12.4722
12.4846
12.8438
13.2024
13.5603
13.4175
12.9033
12.2614
11.6208
11.0547
10.6003
10.2528
10.017
9.92013
9.84902
9.70775
9.52638
9.40584
8.70529
8.34979
7.98055
7.74624
7.52031
7.38002
