0.01
0.0737508
0.144999
0.211275
0.264102
0.330549
0.408117
0.45884
0.50905
0.58373
0.632415
0.692117
0.751819
0.8093
0.866622
0.921753
0.977093
1.03008
1.07199
1.12429
1.17402
1.21337
1.26262
1.30959
1.35595
1.40056
1.4443
1.48639
1.52775
1.55978
1.60682
1.63702
1.67386
1.7098
1.7444
1.77806
1.81043
1.84186
1.86598
1.89603
1.9204
1.95034
1.97225
2.00106
2.02256
2.50444
2.9822
3.46385
3.94433
4.42498
4.88644
5.23711
5.69322
5.96024
6.26567
6.54205
6.7921
7.0165
7.21906
7.40101
7.56462
7.6824
7.81788
7.93983
8.04945
8.14825
8.23695
8.31513
8.3864
8.4517
8.49861
8.5527
8.59711
8.63541
8.52922
8.46344
8.37859
8.33612
8.28132
8.22115
8.15121
8.1015
8.05605
8.03756
8.1603
8.28951
8.39042
8.51282
8.57538
8.52927
8.49976
8.48399
8.45387
8.43154
8.40627
8.37221
8.36349
8.34692
8.32789
8.31181
8.2975
8.28448
8.27271
8.26207
8.25245
8.24473
8.23549
8.21869
8.21674
8.21378
8.20655
8.201
8.19546
8.1864
8.18716
8.1859
8.18269
8.18096
8.17894
8.17581
8.17565
8.1736
8.17027
7.64619
7.12897
6.60988
6.18088
5.83427
5.54634
5.29329
5.1255
4.94881
4.86247
4.78914
4.7271
4.66861
4.65174
5.13294
5.57825
5.95999
6.22145
6.52348
6.79616
7.05485
7.31909
7.56165
7.76564
7.89461
8.06433
8.19119
8.15332
8.12851
8.12124
8.10263
8.08333
8.06098
8.02684
8.01311
7.99788
7.98087
7.96511
7.951
7.93869
7.41896
6.8997
6.43396
6.13291
5.81437
5.50626
5.34822
5.18085
5.03786
4.9347
4.85141
4.79705
4.73692
4.71426
4.68298
4.66685
4.65084
4.62914
4.59426
4.58256
4.5685
4.54705
4.52631
4.47235
4.2303
4.01807
3.86957
3.77738
3.62078
3.56815
3.52239
3.47427
3.42976
3.39101
3.35857
3.34328
3.67664
4.03741
4.3421
4.58793
4.81017
4.60766
4.35368
4.23665
4.09929
4.03702
3.98151
3.99725
4.04283
4.05133
4.02655
4.002
3.95075
3.91773
4.15885
4.43512
4.69016
4.90952
5.10307
5.24189
5.42965
5.5391
5.64751
5.73343
5.82858
5.92076
6.02753
6.11366
6.18257
6.2435
6.28808
6.33834
6.38413
6.42573
6.463
6.49674
6.52701
6.54877
6.56634
6.57884
6.59916
6.62248
6.63962
6.65486
6.67309
6.6823
6.67779
6.67028
6.6814
6.6952
6.71232
6.72387
6.73184
6.73397
6.72717
6.72494
6.72663
6.74335
6.75073
6.75671
6.76089
6.76154
6.76333
6.76417
6.98265
7.23126
7.45398
7.65478
7.83517
7.99799
7.50902
7.20115
6.86582
6.59788
6.35101
6.16351
5.91294
5.50465
5.36552
5.23064
5.09342
4.83628
4.68153
4.56325
4.46657
4.33761
4.28403
4.23952
4.19596
4.15665
4.09599
4.02797
3.95782
3.86716
3.79239
3.79167
3.84261
3.84886
3.84843
3.83599
3.8151
3.80049
3.7804
3.73127
3.65982
3.61636
3.6201
3.64713
3.65681
3.6107
3.5993
3.60829
3.61396
3.61296
3.60813
3.60193
3.59678
3.59054
3.57777
3.57436
3.57127
3.5678
3.56428
3.55927
3.54449
3.54637
3.54744
3.54715
3.54635
3.54506
3.54367
3.54195
3.54079
3.53964
3.53856
3.53756
3.53682
3.53594
3.5351
3.53426
3.53373
4.01413
4.49452
4.87884
5.35923
5.79471
6.19535
6.54721
6.86362
7.1484
7.40462
7.5896
7.84828
7.99745
8.17191
8.32596
8.46462
8.58969
8.67965
8.80556
8.87823
8.97852
8.56283
8.04321
7.41964
7.04308
6.6446
6.25818
6.06078
5.89148
5.67521
5.56946
5.45711
5.36496
5.29323
5.23571
5.21625
5.06354
4.94242
4.88741
4.82325
4.76966
4.72511
4.67828
4.6605
4.64293
4.62023
4.57704
4.56368
4.55195
4.53584
4.51548
4.46358
4.13015
3.76397
3.53377
3.32873
3.29555
3.2116
3.11027
3.02075
2.94599
2.88442
2.83471
2.8024
2.76737
2.73076
2.89773
2.97655
3.0906
3.22823
3.35273
3.46534
3.5986
3.76187
3.89038
3.97068
4.04656
4.1098
4.15691
4.1878
4.18691
4.21881
4.28641
4.33746
4.3741
4.39032
4.37386
4.37839
4.42438
4.46252
4.48571
4.50373
4.51842
4.53095
4.53989
4.54245
4.53964
4.547
4.54806
4.56738
4.57996
4.58828
4.59437
4.59925
4.60352
4.60723
4.60675
4.60104
4.60148
4.60819
4.60971
4.61614
4.6207
4.62338
4.62533
5.10579
5.56442
5.97276
6.26254
6.60966
6.91728
7.20386
7.45342
7.67713
7.87586
8.01753
8.18472
8.33417
8.4711
8.59326
8.70116
8.79739
8.86883
8.95236
9.02831
9.09395
9.15221
9.20562
9.25444
9.29697
9.32894
9.37297
9.39795
9.42768
9.45456
9.4779
9.50402
9.51895
9.5364
9.5519
9.5656
9.57828
9.58956
9.59764
9.60905
9.61713
9.62314
9.62997
9.63603
9.64157
9.64653
9.65077
9.65404
9.65774
9.66111
9.66898
9.67512
9.68171
9.68555
9.69135
9.69527
9.67487
9.65561
9.63343
9.60795
9.5872
9.56267
9.45219
9.3775
9.31126
9.27012
9.22051
9.05341
9.0259
9.01131
9.04375
9.00169
8.79325
8.60574
8.50423
8.464
8.43679
8.41277
8.38806
8.36767
8.50032
8.61973
8.72685
8.81845
8.89685
8.9686
9.03126
9.11076
9.08054
8.8344
8.66017
8.47707
8.35813
8.28179
8.24145
8.19755
8.14725
8.12439
8.09548
8.07625
8.1806
8.25624
8.34254
8.42698
8.49894
8.56299
8.62173
8.66242
8.71253
8.75621
8.79546
8.82359
8.86257
8.8855
8.91229
8.93562
8.95643
8.97579
8.98958
9.00736
9.02186
9.03087
9.04167
9.05279
9.06222
9.06869
9.07555
9.08209
9.08872
9.09398
9.09587
9.10215
9.10694
9.1102
9.11383
9.1167
9.11853
9.12156
9.12416
9.12704
9.12849
9.12898
9.13141
9.13328
9.13449
9.1355
9.13635
9.13652
9.13807
9.19591
9.24784
9.29373
9.33528
9.36542
9.40829
9.43299
9.46039
9.48508
9.50615
9.52784
9.54277
9.55981
9.57583
9.58604
9.59881
9.61099
9.62158
9.63084
9.63922
9.64694
9.65254
9.65894
9.66476
9.66959
9.67385
9.67729
9.68101
9.66256
9.63973
9.6204
9.60423
9.5798
9.56319
9.53998
9.5243
9.49993
9.48531
9.46887
9.45628
9.44416
9.43296
9.42258
9.41298
9.40558
9.40003
9.39356
9.38769
9.3814
9.37773
9.37268
9.36971
9.36552
9.36123
9.35718
9.35561
9.35363
8.83322
8.41595
7.79126
7.26863
6.85459
6.39545
6.02241
5.72404
5.48331
5.32671
5.11364
4.99478
4.91957
4.8376
4.81822
5.29832
5.72505
6.11514
5.79635
5.59095
5.28834
5.10871
4.9615
4.83876
4.72784
4.63275
4.5793
4.5365
4.49484
4.44264
4.41556
4.40473
4.39196
4.37868
4.33144
4.26437
3.97
3.75762
3.63798
3.50668
3.456
3.41373
3.34889
3.28745
3.23509
3.19186
3.15432
3.1047
3.02912
2.93693
2.91354
2.89508
2.87853
2.86352
2.84993
2.83761
2.82646
2.81635
2.80719
2.79889
2.79287
2.79177
2.83482
2.85799
2.86333
2.86389
2.85947
2.85276
2.84497
2.83838
2.82951
2.82239
2.81039
2.79598
2.78323
2.78099
2.78018
2.76753
2.77244
2.77072
2.77282
2.77018
2.76974
2.76675
2.76517
2.76243
2.76091
2.75854
2.75723
2.75528
2.75415
2.75068
2.7445
2.73929
2.73942
2.73947
2.73398
3.21852
3.69979
4.18103
4.62405
5.02222
5.38024
5.70224
5.99052
6.19818
6.48618
6.6555
6.84922
7.02459
7.18212
7.32371
7.45094
7.56567
7.64826
7.74467
7.83015
7.907
7.97751
8.03949
8.0954
8.14684
8.19198
8.2326
8.26148
8.29493
8.32603
8.35278
8.37802
8.40008
8.41942
8.43679
8.45303
8.46712
8.48042
8.48991
8.50042
8.5094
8.51842
8.52579
8.53331
8.53977
8.54573
8.54943
8.55449
8.55827
8.56256
8.67231
8.7499
8.84006
8.9228
8.99813
9.06479
9.11995
9.17012
9.21948
9.2639
9.30431
9.33954
9.37024
9.39896
9.42033
9.44503
9.46649
9.48514
9.50223
9.5183
9.53294
9.54589
9.5163
9.39863
9.29968
9.26082
9.2366
9.21301
9.18462
9.15174
9.12487
9.10144
9.08674
9.07211
9.04158
9.02498
9.01282
9.00346
8.99459
8.98296
8.97333
8.96758
8.74092
8.53538
8.34431
8.0975
7.96602
7.8339
7.71802
7.63362
7.56313
7.49951
7.40359
7.35689
7.31477
7.44377
7.5665
7.66378
7.74576
7.81713
7.88744
7.93855
8.01109
8.05268
8.09953
8.14263
8.18112
8.21579
8.24714
8.27516
8.28699
8.28977
8.30523
8.33405
8.35382
8.37103
8.38099
8.38079
8.39247
8.40537
8.42077
8.43178
8.4398
8.44001
8.44345
8.45194
