0.01
0.0707881
0.121331
0.189583
0.246656
0.313277
0.369119
0.431122
0.490358
0.549382
0.595668
0.652791
0.709274
0.764201
0.819045
0.872078
0.924928
0.976021
1.02659
1.06602
1.11446
1.16236
1.20879
1.25456
1.2989
1.33356
1.38503
1.42647
1.45855
1.49806
1.53628
1.57313
1.60521
1.64312
1.67087
1.70884
1.7365
1.77428
1.80041
1.83386
1.85654
1.88194
1.91075
1.94138
1.96078
1.98256
2.00688
2.02725
2.50855
2.98806
3.37246
3.85314
4.42964
4.91002
5.27997
5.70528
6.08537
6.4308
6.73866
7.00933
6.77821
6.59997
6.4596
6.34427
6.20127
5.87516
5.6693
5.4402
5.31968
5.18873
5.1105
4.99351
4.85848
4.78757
4.75183
4.97417
5.21188
5.4424
5.63512
5.80556
5.95402
6.08685
6.18211
6.31479
6.4102
6.48228
6.52854
6.11908
5.66085
5.33373
5.01052
4.845
4.66756
4.52363
4.40972
4.31502
4.24511
4.2002
4.13326
4.10657
4.08562
4.06695
4.04497
3.99356
3.9184
3.95704
3.98776
4.0558
4.19556
4.29316
4.36568
4.41942
4.4628
4.47922
4.47904
4.47436
4.4777
4.47829
4.53732
4.60805
4.65309
4.68059
4.6965
4.71219
4.71872
4.72747
4.73938
4.52556
4.35922
4.22229
4.13292
4.03771
3.9608
3.89772
3.84498
3.80258
3.75422
3.74065
3.73085
3.68214
3.61642
3.62336
3.62361
3.61361
3.59852
3.58095
3.54215
3.47009
3.37955
3.35527
3.30476
0.002152
0.0795332
0.142952
0.226913
0.298898
0.38011
0.437919
0.526561
0.597842
0.654018
0.723632
0.791273
0.857827
0.922546
0.986039
1.0478
1.10823
1.15522
1.22449
1.26909
1.3239
1.37714
1.42895
1.47919
1.52802
1.66328
1.70583
0.006076
0.0695876
0.140726
0.200721
0.270359
0.329119
0.396696
0.444585
0.506059
0.566814
0.626398
0.685119
0.742686
0.799365
0.85489
0.90993
0.952583
1.00513
1.05653
1.10727
1.15603
1.20496
1.25143
1.29813
1.33399
1.37766
1.42103
1.46214
1.50366
1.54319
1.58217
1.61801
1.65146
1.67741
1.7054
1.74519
1.7727
1.81018
1.8368
1.87048
1.89593
1.91759
1.94708
1.9774
1.99677
2.01853
2.04261
2.52162
3.00275
3.48278
3.86717
4.34763
4.82802
5.29934
5.72334
6.10203
6.44647
6.75363
7.02347
6.78858
6.6529
6.49524
6.36599
6.19418
5.90394
5.62334
5.38141
5.25042
5.14037
5.05981
4.94169
4.82443
4.72024
4.64779
4.65111
4.92335
5.14241
5.38561
5.58664
5.76113
5.91769
6.05928
6.18672
6.30071
6.40023
6.47944
6.55572
6.14018
5.60472
5.3261
5.02874
4.78794
4.59098
4.4332
4.3079
4.22498
4.1392
4.06504
4.01528
3.97428
3.95958
3.93653
3.91238
3.86306
3.78581
3.82168
3.85313
3.92877
4.0644
4.16354
4.23341
4.28631
4.32999
4.35739
4.35617
4.34931
4.34961
4.33922
4.3973
4.47476
4.5168
4.54438
4.56124
4.57762
4.58528
4.59082
4.60302
4.44284
4.28353
4.1521
4.03896
3.95261
3.88269
3.82634
3.77941
3.74669
3.71388
3.67526
3.66025
3.64689
3.58697
3.54312
3.54729
3.54461
3.53576
3.52136
3.50399
3.4523
3.37548
3.29759
3.32193
3.31462
3.24809
3.16341
3.13935
3.11799
3.09672
3.07555
3.05447
3.03768
3.01676
3.17915
3.32325
3.45364
3.54793
3.68024
3.75687
3.84668
3.92778
4.04455
4.19872
4.29496
4.35884
4.40956
4.443
4.48672
4.51164
4.54054
4.56723
4.59149
4.61086
4.62657
4.64812
4.66068
4.6552
4.63171
4.61956
4.64526
4.6629
4.69502
4.72037
4.73348
4.73864
4.72846
4.72122
4.72662
4.46151
4.24883
4.07815
3.93899
3.84822
3.74785
3.65468
3.60718
3.55521
3.51525
3.4818
3.46224
3.44654
3.42143
3.40138
3.38364
3.36495
3.34584
3.3265
3.30703
3.27525
3.19491
3.16909
3.17866
3.16788
3.10411
3.01121
2.96898
2.94832
2.92777
2.90729
2.88689
2.86656
2.85036
2.9892
3.15384
3.30033
3.43291
3.55279
3.66109
3.73929
3.91742
4.08106
4.16793
4.231
4.30634
4.34764
4.39412
4.43539
4.47227
4.50526
4.53508
4.56202
4.58134
4.60852
4.62419
4.64249
4.65863
4.67288
4.68528
4.69685
4.70547
4.71711
4.72435
4.73249
4.73968
4.74612
4.75201
4.75718
4.76185
4.74223
4.72655
4.70301
4.68339
4.6677
4.64778
4.62379
4.59749
4.57527
4.38437
4.27477
4.12109
4.04931
3.96675
3.90237
3.83865
3.7742
3.73338
3.70338
3.82466
3.89831
3.92849
3.93734
3.95779
3.99086
4.03286
4.07989
4.12743
4.1722
4.21293
4.24943
4.28186
4.3048
4.33109
4.35364
4.37327
4.39027
4.40494
4.47146
4.58161
4.63111
4.64948
4.63167
4.63134
4.67057
4.66508
4.63593
4.64016
4.66942
4.69107
4.70228
4.70721
4.70754
4.70576
4.71044
4.71979
4.72318
4.72222
4.72895
4.73368
4.73591
4.73519
4.73576
4.73937
4.74205
4.74257
4.73793
4.74289
5.2085
5.62666
6.00185
6.27195
6.58726
6.87269
7.1233
7.34994
7.59396
7.73707
7.90143
8.04948
8.18284
8.30275
8.38912
8.50808
8.57778
8.65844
8.7158
8.78113
8.83856
8.4654
8.23942
7.93963
7.57531
7.21706
6.95107
6.75364
6.58255
6.46602
6.364
6.22085
6.14419
5.73267
5.42678
5.22502
5.03037
4.8758
4.77419
4.6626
4.55956
4.50706
4.45178
4.40742
4.37901
4.35186
4.62827
4.91986
5.16824
5.39226
5.60439
5.81167
6.04024
6.27567
6.45096
6.59647
6.73728
6.84704
6.9533
7.09008
7.1651
7.24971
7.32722
7.39719
7.4598
7.51521
7.56478
7.61114
7.65115
7.67949
7.71765
7.7409
7.76987
7.7941
7.81614
7.83399
7.84836
7.8653
7.8829
7.89965
7.90748
7.91805
7.92904
7.9385
7.94647
7.95194
7.95724
7.96424
7.97069
7.97354
7.97367
7.9726
7.97791
7.98413
7.98851
8.14196
8.25261
8.38035
8.51831
8.59862
8.68091
8.75359
8.83115
8.90073
8.95295
9.00906
9.05881
8.53839
8.01965
7.48214
6.91198
6.31237
5.81938
5.22556
4.7249
4.23953
3.68511
3.38972
3.05828
2.8115
2.66509
2.54713
2.46922
2.38281
2.30049
2.25478
2.24509
2.25841
2.28148
2.29022
2.27192
2.23022
2.17055
2.10681
2.08834
2.07876
2.05248
2.07894
2.06483
2.05782
2.0435
2.03386
2.02311
1.99981
1.99072
1.96671
1.95148
1.92969
1.91519
1.90099
1.87845
1.86204
1.84002
1.82266
1.80114
1.78528
1.76732
1.7461
1.72788
1.69903
1.67226
1.66049
1.63355
1.59775
1.59021
1.5757
1.53505
1.62028
1.71546
1.84823
1.94503
2.03185
2.13367
2.19842
2.28045
2.32824
2.38962
2.42832
2.47292
2.51604
2.54751
2.55347
2.53084
2.49817
2.5325
2.56593
2.58468
2.63982
2.68746
2.7273
2.75533
2.73412
2.76358
2.78333
2.80012
2.81006
2.8172
2.81975
2.82539
2.82744
2.80156
2.79731
2.81471
2.82705
2.83474
2.83924
2.84184
2.80796
2.78621
2.81023
2.82936
2.8399
2.84624
2.8489
2.8492
2.85248
3.21183
3.4671
3.73131
3.94303
4.1168
4.2828
4.4196
4.6802
4.90465
5.05276
5.2005
5.30498
5.42173
5.52635
5.63845
5.70277
5.778
5.8444
5.8822
5.90874
5.97074
6.01856
6.06468
6.10184
6.12261
6.11929
6.14553
6.19557
6.19708
6.17012
6.14941
6.14719
6.14531
6.15309
6.18404
6.22306
6.26457
6.28546
6.30105
6.30958
6.31539
6.32798
6.33985
6.35276
6.36115
6.35806
6.35434
6.36223
6.37651
6.38412
6.69415
6.95624
7.1881
7.41112
7.62338
7.80983
7.97593
8.09632
8.26353
8.36059
8.47132
8.57002
8.65892
8.73964
8.81282
8.86495
8.92505
8.98045
9.03055
9.07447
9.11403
9.14962
9.18159
9.21038
9.23101
9.25872
9.27453
9.29378
9.31035
9.3178
9.29918
9.28557
9.27415
9.05487
8.79204
8.58309
8.34128
8.13254
7.60649
7.17527
6.89482
6.567
6.30301
6.09888
5.94716
5.84789
5.78645
5.68643
5.60086
5.5236
5.49473
5.6308
5.83502
6.01725
6.16338
6.28786
6.38746
6.48472
6.58689
6.66345
6.75006
6.80795
6.87008
6.92838
6.97941
7.01544
7.06421
7.10552
7.13339
7.16511
7.19378
7.21974
7.24262
7.26344
6.84774
6.32812
5.80851
5.28889
4.76927
4.24965
3.73003
3.21041
2.69078
2.17116
1.65155
1.2851
0.88365
0.574961
0.326776
0.127598
0.01
0.01
0.01
0.01
0.01
0.01
0.01
0.01
0.01
0.01
0.01
0.01
0.01
0.01
0.01
0.01
0.01
0.01
0.01
0.01
0.01
0.01
0.01
0.01
0.01
0.01
0.01
0.01
0.01
0.01
0.01
0.01
0.01
0.01
0.01
0.01
0.01
0.01
0.01
0.01
0.01
0.01
0.006076
0.0143722
0.0774184
0.13834
0.201282
0.259918
0.322587
0.379102
0.441287
0.49533
0.540975
0.602027
0.65284
0.712662
0.7619
0.819579
0.86816
0.923537
0.970321
1.02352
1.06859
1.11952
1.16299
1.21152
1.25339
1.28727
1.3221
1.37281
1.40763
1.45392
1.48773
1.53062
1.55879
1.60064
1.63095
1.66944
1.69845
1.73392
1.76172
1.79425
1.81729
1.84319
1.87207
1.89657
1.92306
1.94607
1.97007
1.99189
2.01419
2.03378
2.51466
2.89867
3.37891
3.85926
4.33917
4.8196
5.3
5.7804
6.26079
6.73841
7.20797
7.65742
8.11877
8.6052
8.96669
9.40569
9.84587
10.2358
9.61527
9.48352
9.35247
8.72226
8.094
7.54571
7.11184
6.76952
6.50032
6.28939
5.93281
5.58322
5.58968
5.30436
5.05193
5.01928
5.05107
5.03734
4.98636
4.90862
4.82943
4.64017
4.56035
4.48836
4.42307
4.36358
4.3092
0.01
0.0695064
0.136512
0.185615
0.24195
0.307806
0.362926
0.412111
0.471635
0.529421
0.587285
0.643315
0.699393
0.753778
0.79677
0.850221
0.90203
0.953476
1.00337
1.05275
1.10073
1.148
1.19397
1.23054
1.28444
1.31889
1.36074
1.40277
1.44258
1.47395
1.52059
1.55879
1.58124
1.61516
1.65407
1.67908
1.71887
1.74574
1.78197
1.80792
1.83106
1.8625
1.88583
1.91466
1.93802
1.96347
1.98514
2.00848
2.02548
2.50509
2.98584
3.46603
3.94646
4.42681
4.90719
5.38751
5.86774
6.34493
6.82582
6.87768
6.79893
6.55774
6.42603
6.27885
6.15501
5.90022
5.55147
5.32135
5.09306
4.95979
4.83026
4.70851
4.58909
4.49129
4.38534
4.27865
4.20883
4.24364
4.36142
4.46528
4.53428
4.58458
4.63614
4.66513
4.69806
4.72764
4.75425
4.77752
4.79926
4.81396
4.82182
4.83047
4.83672
4.86225
4.88224
4.89498
4.90526
4.91233
4.91819
4.92102
4.92823
4.72136
4.53251
4.32321
4.162
4.03138
3.92462
3.8553
3.76118
3.3714
3.05134
2.8522
2.63635
2.5604
2.48727
2.405
2.3386
2.28228
2.22976
2.18045
2.15334
2.13853
2.61593
3.09801
3.57803
3.94086
4.45745
4.79477
5.20971
5.6417
6.09819
5.61183
5.12299
4.68164
4.39169
4.08417
3.82489
3.62337
3.4695
3.34447
3.24269
3.16069
3.0946
3.05209
3.02587
3.00633
2.9866
2.96484
2.94278
2.92655
2.8936
2.87723
2.85632
2.84193
2.79796
2.75066
2.7487
2.74897
2.73584
2.72354
2.70686
2.68885
2.63675
2.56261
2.55019
2.55819
2.56333
2.54892
2.53844
2.47804
2.40006
2.36276
2.35424
2.33886
2.30765
2.28412
2.26845
2.26201
2.22931
2.22362
2.19023
2.51579
2.79754
3.05732
3.29165
3.50437
3.69701
3.87144
3.99767
4.14348
4.27495
4.47278
4.66296
4.79433
4.882
4.94439
5.01649
5.0815
5.14038
5.183
5.23015
5.2746
5.31431
5.33454
5.33469
5.33601
5.365
4.86972
4.48651
4.16051
3.88979
3.66983
3.48641
3.36091
3.22965
3.13869
3.05663
3.00836
2.96706
2.92901
2.91242
2.89431
2.8756
2.85654
2.84086
2.82157
2.80204
2.78274
2.76704
2.74749
2.7318
2.71219
2.69257
2.67293
2.64848
2.63259
2.6157
2.59708
2.57704
2.55849
2.53814
2.51945
2.49929
2.46224
2.40275
2.38666
2.38511
2.38632
2.3654
2.35648
2.29207
2.21386
2.18088
2.16527
2.1607
2.12627
2.12233
2.08731
2.08397
2.04839
2.03283
2.03026
1.99397
2.33574
2.63128
2.9051
3.15107
3.33016
3.53729
3.72474
3.91801
4.17389
4.3714
4.50654
4.62411
4.72756
4.80168
4.88654
4.96259
5.0309
5.09247
5.13686
5.18784
5.23379
5.28335
5.31243
5.34504
5.37447
5.40162
5.42588
5.444
5.46439
5.48272
5.49915
5.51388
5.52745
5.53938
5.27945
5.1156
4.93895
4.79886
4.69159
4.51095
4.36642
4.27561
4.16951
4.10126
4.03292
3.98923
3.95307
3.92255
3.88354
3.83815
3.81182
3.80251
3.82455
3.78556
3.39329
2.95158
2.7721
2.57979
2.42156
2.29138
2.1836
2.0999
2.04743
1.96427
1.92994
1.86718
1.86734
1.87089
1.90946
1.90982
1.92406
1.95782
1.95418
1.98463
1.97883
2.0069
1.9993
2.04182
2.0648
2.08988
2.09869
2.0917
2.11306
2.10078
2.12246
2.11989
2.1303
2.12614
2.13244
2.12843
2.13226
2.1322
2.12834
2.12774
2.12759
2.12897
2.12724
2.12566
2.11692
2.11247
2.10186
2.10407
2.11566
2.10631
2.12019
2.11524
2.12418
2.12077
2.12626
2.12315
2.12667
2.12683
2.12611
2.12415
2.12399
2.1256
2.60127
3.07585
3.54955
4.03038
4.51387
4.89717
5.37516
5.85799
6.33743
6.81405
7.29302
7.67822
8.15724
8.63594
9.11635
9.59638
10.0755
10.555
11.0348
11.4189
11.8989
11.4828
10.8589
10.443
9.92319
9.74797
9.58323
9.4812
9.37974
8.86579
8.46091
8.06161
7.69395
7.24157
6.86191
6.60845
6.38297
6.21621
6.05333
5.90608
5.78011
5.68844
5.40773
5.26992
5.08801
4.92802
4.79935
4.69596
4.61241
4.54515
4.502
4.45651
4.42005
4.39622
4.67267
4.9641
4.6832
4.34078
4.06711
3.94221
3.88469
3.80143
3.71354
3.63559
3.57041
3.51656
3.46262
3.42429
3.40986
3.78737
4.33292
4.72585
5.21687
5.70278
6.18475
6.66395
7.14475
7.5296
8.10595
8.48975
8.96799
9.54282
9.92308
10.3979
10.7788
11.2569
11.7057
12.1082
12.4732
12.8659
13.0965
13.3675
13.2889
12.9591
12.718
12.5213
12.1302
11.8121
11.6123
11.4304
11.3138
11.2352
11.172
10.6437
10.1135
9.59239
9.17698
8.65792
8.13735
7.6166
7.08282
6.51571
5.92018
5.72913
5.24301
4.97566
4.65702
4.42927
4.24661
4.05954
3.88537
3.84245
3.81644
3.75869
3.67982
3.37883
3.10137
3.06102
3.22012
3.4063
3.58493
3.53613
3.51224
3.49337
3.46994
2.98582
2.58117
2.24797
2.02731
1.78619
1.57654
1.44181
1.28245
1.20012
1.12968
0.997236
0.967374
0.892174
1.04715
1.137
1.25192
1.32739
1.39658
1.49735
1.5532
1.63381
1.67546
1.74659
1.77834
1.83834
1.86373
1.91382
1.93923
1.96063
1.99181
2.02958
2.03564
2.07278
2.07566
2.10877
2.10882
2.13854
2.13628
2.16316
2.159
2.16744
2.19107
2.18476
2.20661
2.19913
2.20464
2.22448
2.25843
2.28921
2.32265
2.33593
2.32389
2.28731
2.23345
2.21352
2.21577
2.23384
2.2243
2.2789
2.29409
2.31321
2.32022
2.70739
3.28384
3.6725
4.15579
4.63754
5.1188
5.59945
6.08041
6.56109
6.94451
7.41923
7.89765
8.37866
8.85877
9.33382
8.92919
8.61059
8.37677
8.2671
8.15308
8.04925
7.91604
7.8521
7.78385
7.71227
7.64255
7.58966
7.19079
7.06107
6.9733
6.88466
6.81692
6.75068
6.70746
6.67866
6.64623
6.44791
6.28013
6.11923
6.00228
5.89941
5.81697
5.72283
5.62755
5.5597
5.49436
5.56036
5.70635
5.83159
5.92119
5.99698
6.06503
6.11373
6.17337
6.22649
6.26579
6.28635
6.31472
6.34499
6.38706
6.42217
6.45055
6.46157
6.46959
6.49128
6.05021
5.77416
5.59985
5.3537
4.99532
4.67945
4.44834
4.25097
4.10439
4.00887
3.90043
3.81091
3.7381
3.67154
3.60861
3.56615
3.54065
3.49322
3.4897
3.49359
3.42922
3.42564
3.42448
3.41563
3.3837
3.35142
3.30838
3.30375
3.30599
3.29653
3.24632
3.16786
3.07539
3.0412
3.02022
2.99938
2.97863
2.96208
2.94148
2.93019
2.95558
2.97657
2.98224
2.97396
2.92711
2.91558
2.91116
2.89903
2.88253
2.85097
2.81192
2.75389
2.75368
2.76155
2.75626
2.74261
2.72259
2.70802
2.68917
2.67082
2.65095
2.63251
2.61213
2.59655
2.57804
2.55817
2.53683
2.5162
2.49425
2.4783
2.45844
2.43982
2.42415
2.40044
2.38469
2.36421
2.34489
2.32495
2.30542
2.28627
2.24036
2.16942
2.1339
2.11973
2.33691
2.54067
2.73238
2.99524
3.15197
3.32055
3.46494
3.59383
3.70502
3.78385
3.8718
3.92989
3.97896
4.02446
4.0381
4.11978
4.21137
4.2754
4.31401
4.35252
4.38073
4.41174
4.4388
4.46242
4.48393
4.50322
4.52033
4.53262
4.54953
4.55896
4.57065
4.57914
4.58497
4.57883
4.59179
4.60562
4.61495
4.61896
4.61847
4.62612
4.62952
4.63305
4.62998
4.63837
4.64439
4.64741
4.64756
4.64884
4.65268
4.65477
5.1319
5.61374
6.09499
6.57469
7.05424
7.43874
8.01527
8.39976
8.88024
8.36066
7.84105
7.3214
6.80178
6.29334
5.88254
5.55096
5.28372
5.11113
4.93883
4.81066
4.70741
4.62397
4.55444
4.49906
4.46662
4.43093
4.39854
4.37832
4.35963
4.34035
4.30385
4.00741
3.83702
3.65447
3.2368
2.89004
2.73922
2.59798
2.49098
2.3568
2.25277
2.15641
2.08885
2.02444
1.9803
1.9377
1.92108
1.87987
1.82761
1.81577
1.80277
1.75114
1.73814
1.77552
1.7673
1.7971
1.78812
1.81753
1.82353
1.81195
1.83853
1.82579
1.83134
1.8562
1.84245
1.8661
1.85107
1.87393
1.85824
1.88038
1.88193
1.86562
1.88704
1.87027
1.89124
1.92492
1.94161
1.95052
1.94333
1.95731
1.94952
1.95581
1.9483
1.95164
1.92609
1.92781
1.93894
1.93143
1.93904
1.93324
1.93717
1.93214
1.93461
1.92809
1.9278
1.93017
1.92623
1.92775
1.9247
1.92564
1.92373
2.30788
2.78388
3.23254
3.66037
4.11552
4.59081
5.01651
5.36411
5.70334
6.00384
6.19037
6.15516
5.82907
5.39839
5.11741
4.90271
4.81941
4.74267
4.66605
4.58906
4.53009
4.48135
4.44104
4.415
4.38143
4.36578
4.82169
5.22435
5.52182
5.93122
5.61485
5.30162
5.04398
4.81102
4.62439
4.52039
4.39458
4.31337
4.25551
4.20354
4.15928
4.11977
4.07041
4.32108
4.61049
4.90921
5.18584
5.46283
5.69975
5.89495
6.01774
6.16302
5.65834
5.42322
5.14881
4.93001
4.7465
4.58724
4.46241
4.25646
4.08493
3.94729
3.82213
3.71537
3.62163
3.57908
3.53095
3.48682
3.44513
3.42919
3.41203
3.39376
3.37855
3.34178
3.30101
3.28316
3.26136
3.24298
3.23164
3.22384
3.20922
3.19511
3.17735
3.15772
3.13892
3.09453
3.02813
2.93702
2.89354
2.87718
2.85688
2.88752
2.81196
2.79327
2.7731
2.75321
2.7867
2.80396
2.80255
2.79377
2.7831
2.77042
2.75401
2.7356
2.68578
2.613
2.54441
2.52738
2.50664
2.4864
2.49074
2.51371
2.51281
2.51213
2.49809
2.48836
2.46898
2.45364
2.43203
2.41489
2.38881
2.366
2.34777
2.31534
2.2948
2.28409
2.27044
2.2476
2.23367
2.20682
2.19308
2.17085
2.15657
2.14278
2.1254
2.11361
2.09856
2.09045
2.08031
2.06688
2.06123
2.53758
3.0201
3.49988
3.98082
4.46173
4.94232
5.42281
5.8069
6.28425
6.75776
7.23964
7.62518
8.1044
8.56661
9.01092
9.4374
9.82432
10.1796
10.4454
10.8336
10.309
9.88274
9.2561
8.843
8.32312
7.8013
7.27961
6.75622
6.26088
5.85572
5.38584
5.03526
4.7518
4.51826
4.32838
4.20001
4.07239
3.96812
3.8681
3.78648
3.7091
3.69719
4.16136
4.57166
4.9293
5.25737
5.54534
5.77187
5.49293
5.27039
5.0994
5.03475
4.99298
4.93247
4.87633
4.81548
4.76031
4.72885
4.71678
5.01228
5.24153
5.50359
5.73139
5.93479
6.11761
5.78632
5.51298
5.29935
5.13513
4.95284
4.65795
4.37946
4.17162
3.994
3.81521
3.75009
3.67065
3.59994
3.53799
3.48647
3.44443
3.40663
3.35269
3.27419
3.18127
3.14016
3.11437
3.09736
3.09
3.12848
3.14834
3.14763
3.07458
3.04309
3.05539
3.06097
3.05116
3.03854
2.97762
2.89379
2.82874
2.8079
2.7879
2.7719
2.74798
2.73208
2.71226
2.69251
2.6728
2.65316
2.63749
2.61793
2.6428
2.65847
2.6568
2.65027
2.62012
2.59163
2.57935
2.5645
2.54321
2.5349
2.51843
2.50826
2.48947
2.47359
2.45183
2.43567
2.41432
2.39681
2.37586
2.3601
2.34176
2.31693
2.29874
2.7739
3.25421
3.73218
4.21369
4.69558
5.17684
5.65758
6.02879
6.4933
6.97254
7.45897
7.94086
8.37301
8.67679
9.10802
9.36393
9.66413
9.93458
10.177
10.3947
10.5903
10.7648
10.8911
11.0682
11.1959
11.2881
11.3945
11.4903
11.5766
11.6388
11.7113
11.1877
10.9157
10.5702
10.3931
10.1339
9.86646
9.75861
9.61001
9.19424
8.94767
8.62141
8.39563
8.1148
7.58089
7.07534
6.65807
6.29536
5.99171
5.79775
5.59813
5.48397
5.38631
5.30097
5.22648
5.14762
5.0843
5.03787
5.52502
5.97983
6.42341
6.80771
7.06923
7.37073
7.64777
7.89141
8.13002
8.33367
8.51248
8.68027
8.82678
8.95525
9.07899
9.18788
9.28523
9.35525
9.45345
9.5084
9.56458
9.6136
9.66278
9.14472
8.77774
8.37208
8.059
7.80659
7.56218
7.43797
7.24058
7.03644
6.89086
6.71387
6.59447
6.49972
6.25583
5.81327
5.40983
4.99347
4.84953
4.66528
4.53105
4.37792
4.23441
4.09516
3.97116
3.91465
3.94913
4.27176
4.5934
4.82417
5.07686
5.2982
5.49855
5.6784
5.83983
5.98491
6.11445
6.20424
6.29738
6.39065
5.87057
5.45286
5.10805
4.82801
4.60146
4.41574
4.29568
4.14228
4.04539
3.98834
3.92653
3.86774
3.83056
3.81292
3.79416
3.77515
3.7375
3.67165
3.33107
3.03164
2.74368
2.61473
2.49206
2.36678
2.26539
2.18176
2.10682
2.05767
1.99661
1.95923
1.92137
1.90505
2.38283
2.86467
3.31369
3.66318
4.12584
4.56343
4.99822
5.56428
5.98733
6.4912
6.0012
5.59927
5.3358
5.06021
4.74151
4.51888
4.35807
4.22687
4.12059
4.03476
3.96453
3.91714
3.8678
3.81292
3.79775
3.78418
0.006076
0.0655292
0.132734
0.189187
0.255301
0.310609
0.358399
0.4198
0.477994
0.536074
0.592666
0.64917
0.704086
0.758702
0.811853
0.853789
0.906043
0.95701
1.00688
1.05556
1.10341
1.15047
1.19625
1.24134
1.28486
1.32772
1.36111
1.40202
1.44226
1.4812
1.51936
1.5544
1.59092
1.61694
1.65683
1.6819
1.72073
1.74668
1.78317
1.8081
1.84084
1.86283
1.8862
1.90676
1.93699
1.96305
1.98385
2.0015
2.02409
2.50328
2.98429
3.46436
3.94483
4.42523
4.90561
5.38593
5.86615
6.24731
6.42049
6.5712
6.70514
6.49314
6.33477
6.20119
6.09301
5.98649
5.53959
5.01276
4.46227
4.16968
3.88645
3.64302
3.43294
3.25884
3.11256
2.99945
2.88251
2.7962
2.75441
2.72172
2.71314
3.19841
3.64186
4.12731
4.61553
5.01075
5.49528
5.97733
6.45821
6.93865
7.41728
6.89302
6.36563
5.84474
5.34757
5.0403
4.69755
4.42928
4.21261
4.03766
3.92338
3.79687
3.67705
3.60654
3.54784
3.51398
3.48879
3.47221
3.45469
3.43586
3.41713
3.3978
3.37923
3.3364
3.26666
3.22064
3.22362
3.29811
3.41118
3.49687
3.5489
3.59473
3.63126
3.66223
3.68934
4.15888
4.59923
5.02548
5.44777
5.86565
6.2129
5.56086
5.08248
4.69478
4.20786
3.8169
3.50189
3.24868
3.04036
2.91058
2.74608
2.66199
2.57444
2.49739
2.44194
2.41844
2.40264
2.38232
2.36317
2.34305
2.32695
2.29964
2.28513
2.25976
2.23151
2.21371
2.20033
2.17645
2.16217
2.12345
2.08166
2.08311
2.0618
2.05631
2.04481
2.02298
2.00888
1.98565
1.9625
1.94679
1.93125
1.88986
1.84619
1.79594
1.80771
1.78728
1.78066
1.77997
1.75374
1.74604
1.72193
1.70612
1.66317
1.6072
1.58956
1.54863
1.5503
1.50975
1.49436
1.47126
1.45585
1.45851
1.41736
1.42025
1.3789
1.38201
1.34046
1.34378
1.30206
1.2867
1.77482
2.05127
2.38245
2.68062
2.95171
3.20054
3.37755
3.62329
3.80459
3.93591
4.05062
4.18372
4.36666
4.49388
4.56893
4.62404
4.67969
4.71919
4.76499
4.80539
5.05999
5.28641
5.49292
5.64172
5.83112
5.94651
6.02079
6.11286
5.57358
5.12689
4.74683
4.4874
4.13817
3.96656
3.78415
3.60795
3.53495
3.44918
3.37259
3.31664
3.27947
3.23868
3.21972
3.20409
3.18459
3.16109
3.14536
3.12575
3.10224
3.08656
3.06694
3.04131
3.02367
3.00515
2.98962
2.9706
2.95137
2.93214
2.91248
2.88294
2.80728
2.78415
2.7893
2.78433
2.75549
2.67536
2.61255
2.59727
2.57836
2.55835
2.54009
2.51865
2.50369
2.48932
2.46161
2.69696
2.96109
3.20318
3.42206
3.62044
3.76407
3.93018
4.15648
4.3739
4.8728
5.3632
5.84733
6.32922
6.80994
7.29015
7.77049
8.25086
7.83528
7.31502
6.79498
6.27529
5.84048
5.48924
5.20645
4.97831
4.79432
4.67572
4.55056
4.44504
4.36529
4.30135
4.28174
4.26213
4.24644
4.22682
4.2072
4.18425
4.15732
4.1352
4.10442
4.09637
4.08185
4.05294
4.04059
4.02288
4.00661
3.96358
3.91828
3.87627
3.88315
3.86062
3.44588
3.16489
2.91283
2.7495
2.61474
2.50404
2.41292
2.35287
2.28934
2.23404
2.2011
2.14879
2.14488
2.12639
2.1249
2.13808
2.13482
2.13272
2.11516
2.1294
2.11213
2.13852
2.5041
2.81725
3.05462
3.33606
3.58728
3.82561
4.02951
4.2113
4.37237
4.51788
4.99259
5.3524
5.80002
6.35772
6.75564
7.25059
7.73128
8.20183
8.67479
9.15387
9.63412
10.109
10.4893
10.9654
11.4425
11.9199
12.3978
12.8762
12.355
11.8348
11.419
10.8991
10.379
9.859
9.33914
9.2785
9.21937
9.17604
9.12306
9.08576
8.72732
8.29052
7.84154
7.41688
7.10195
6.89365
6.62664
6.51304
6.33243
6.1998
6.11118
6.02383
5.68793
5.4658
5.3106
5.08456
4.94369
4.83015
4.75685
4.67971
4.61767
4.56784
4.52789
4.48299
4.42505
4.51326
4.58297
4.70892
4.79072
4.93189
5.04893
5.13575
5.20535
5.24887
5.27658
5.7508
6.20495
6.69916
7.09866
7.58148
8.06167
8.54174
9.02236
9.50265
9.98078
10.3634
10.9336
11.3122
11.7874
12.2639
12.7381
13.1972
13.5285
13.9919
13.5734
13.0508
12.7945
12.5766
12.4581
12.1315
11.7744
11.5417
11.3545
11.2519
11.1968
11.1283
10.606
10.1804
9.65319
9.13402
8.51069
8.09518
7.57428
7.0538
6.52107
5.95516
5.48285
4.75589
4.29576
3.94172
3.61028
3.30579
3.03295
2.92601
2.77173
2.62502
2.48382
2.34232
2.29367
2.33367
2.32105
2.29961
2.2448
2.23775
2.20798
2.15229
2.07908
2.09167
2.09091
2.12011
2.11679
2.14333
2.1382
2.16254
2.15593
2.16264
2.18442
2.1773
2.19868
2.19047
2.21047
2.20137
2.22022
2.22309
2.21309
2.23054
2.21992
2.23682
2.22578
2.24212
2.23068
2.2329
2.2485
2.23658
2.23837
2.25335
2.24134
2.25603
2.57126
2.86509
3.12899
3.32126
3.5437
3.74511
3.93138
4.09618
4.35002
4.51737
4.70585
5.16887
5.60136
5.9296
6.33298
6.74486
7.17689
7.62786
8.09714
8.59277
9.04646
9.42935
10.0058
9.57917
9.03868
8.57662
8.30053
8.22842
8.14825
8.04527
7.96219
7.89657
7.83962
7.77534
7.71833
7.68507
7.38068
7.267
7.18067
7.09204
7.02044
6.97946
6.87572
6.78715
6.63957
6.42751
6.27149
6.15858
6.05971
5.9966
5.90624
5.81194
5.72458
5.65791
5.72201
5.81944
5.9036
5.96654
6.00727
6.06266
6.09466
6.14224
6.16982
6.64517
7.10097
7.5515
7.15341
6.78756
6.64104
6.46307
6.31692
6.19971
6.1116
5.76461
5.5482
5.41526
5.20715
4.81372
4.4591
4.21998
4.01954
3.86039
3.75619
3.61082
3.52077
3.46198
3.39677
3.33466
3.29158
3.26725
3.20061
3.20303
3.20386
3.19041
3.14074
3.12148
3.11805
3.10995
3.09279
3.05837
3.00375
2.99918
2.99475
2.98839
2.97172
2.91306
2.8491
2.769
2.74992
2.72996
2.71016
2.6904
2.67464
2.655
2.6354
2.64614
2.6689
2.6647
2.66983
3.05326
3.53607
3.97056
4.42934
4.89792
5.34807
5.80512
6.30054
6.05741
5.8829
5.68681
5.52892
5.40192
5.29488
5.21258
5.14898
5.09692
5.05493
5.01424
4.65404
4.1033
3.76118
3.50335
3.34544
3.294
3.24151
3.17637
3.10238
3.05203
2.98075
2.94427
2.90489
2.8639
2.82494
3.28415
3.76308
4.18711
4.63284
5.14047
5.5465
6.04231
6.52343
7.00483
7.4858
7.87049
8.44689
8.8271
9.30179
9.77081
10.2205
10.6247
11.0013
11.3327
10.8052
10.2831
9.76376
9.34773
8.82652
8.30575
7.78618
7.2669
6.74703
6.33171
5.83285
5.43571
5.11572
4.90955
4.68389
4.51051
4.34343
4.25865
4.23903
4.71934
5.19934
5.67975
6.15999
5.86018
5.53759
5.27981
5.03981
4.82579
4.65772
4.52345
4.40981
4.32317
4.25355
4.19692
4.1589
4.10205
4.04881
4.01815
4.0058
3.53205
3.21377
2.97431
2.80418
2.63059
2.48729
2.36939
2.26754
2.20042
2.1222
2.06842
2.01965
1.96813
1.92463
1.88513
1.81851
1.82535
1.8521
1.83786
1.86164
1.84707
1.87039
1.85497
1.85839
1.88048
1.86426
1.88583
1.86916
1.89023
1.89107
1.89225
1.89296
1.87571
1.89615
1.87863
1.89877
1.899
1.89932
1.89952
1.92777
1.9444
1.95554
1.96418
1.95548
1.96194
1.95374
2.33794
2.79385
3.16901
3.53957
3.87907
4.18381
4.40237
4.65259
4.88097
5.07121
5.13954
5.20226
5.2745
5.38918
5.45661
5.52433
5.58986
5.62132
5.63109
5.62592
5.63301
5.3478
5.13688
5.03558
4.95332
4.86059
4.76837
4.7059
4.6546
4.62164
4.57767
4.55532
4.53571
4.99481
5.4002
5.77348
6.10271
5.68477
5.36572
5.10214
4.91738
4.72732
4.58575
4.47881
4.38698
4.30738
4.26473
4.20569
4.16465
4.11547
4.33659
4.58733
4.85041
5.11334
5.36517
5.57742
5.75711
5.89957
6.02319
5.49362
5.18948
4.78152
4.56017
4.32558
4.13807
3.9821
3.86189
3.74486
3.68847
3.64084
3.60718
3.5588
3.52119
3.50913
3.49624
3.4793
3.45719
3.4398
3.42342
3.40523
3.3864
3.36079
3.32436
3.29546
3.27912
3.25092
3.24186
3.22877
3.21941
3.20306
3.18813
3.16946
3.1506
3.12299
3.06025
2.97628
2.90707
2.88758
2.86721
2.87818
2.82426
2.80481
2.78468
2.76473
2.78205
2.80278
2.81134
2.80568
2.79564
2.78241
3.26366
3.74458
4.15886
4.43885
4.74787
4.26806
3.89426
3.61084
3.46609
3.34061
3.28017
3.20364
3.11557
3.03074
2.95763
2.89304
2.85208
2.8172
2.79824
3.27941
3.6638
4.14049
4.62181
5.10274
5.58017
5.96381
6.54044
7.02215
7.50253
7.8865
8.36335
8.83873
9.31898
9.78587
10.2471
10.7025
11.157
10.6134
10.0792
9.66586
9.14719
8.62455
8.20663
7.58327
7.16819
6.63824
6.22674
5.79989
5.45563
5.17682
4.9474
4.76536
4.62085
4.49996
4.40407
4.3347
4.27757
4.23047
4.19147
4.17254
4.58605
4.88941
5.21001
5.48965
5.73821
6.00195
6.26679
6.48282
6.64662
6.43201
6.05967
5.8633
5.67306
5.57193
5.5028
5.42537
5.35508
5.27661
5.23093
5.20376
5.18048
5.54142
5.86221
6.14777
6.40362
6.0922
5.75662
5.48346
5.26953
5.05298
4.76897
4.50186
4.31244
4.19304
4.05106
3.90399
3.84226
3.7951
3.74883
3.70653
3.67032
3.63984
3.57597
3.20702
2.82619
2.57805
2.38906
2.23
2.10824
2.05374
1.95903
1.89581
1.81665
1.76875
1.71145
1.68023
1.63312
1.79593
1.91693
2.02162
2.15117
2.24427
2.34496
2.41985
2.4967
2.51816
2.51953
2.47237
2.44613
2.42239
2.40662
2.39728
2.36727
2.35878
2.3434
2.31227
2.30495
2.27307
2.45956
2.66058
2.8546
3.04369
3.26017
3.44755
3.5519
3.69241
3.80006
3.88605
4.28413
4.77467
5.26013
5.7431
6.22215
6.65779
7.05446
7.34349
7.68221
7.98453
8.2374
8.68231
9.09335
9.46421
9.78086
10.006
10.2725
10.5138
10.7414
10.9889
11.1337
11.6132
12.0919
12.5709
13.0497
13.5287
14.0083
13.4885
12.9688
12.5531
12.0505
11.5443
11.1348
10.821
10.5444
10.2824
9.96677
9.77597
9.64117
9.23701
8.85638
8.55026
8.26372
7.72226
7.20839
6.73386
6.3496
6.01469
5.73799
5.53199
5.41066
5.29293
5.20253
5.11826
5.04014
4.9735
4.93511
5.41587
5.86882
6.33492
6.75644
7.12256
7.37301
7.72295
7.93389
8.17925
8.66422
9.14098
9.61948
10.0008
10.5717
11.0539
11.4374
11.4761
11.3709
10.849
10.3209
9.79097
9.26821
8.85503
8.33599
7.81636
7.29672
6.77697
6.25739
5.73612
5.21678
4.80042
4.27822
3.75875
3.23464
2.7195
2.20321
1.67986
1.16495
0.667629
0.350539
0.0198436
0.01
0.01
0.01
0.01
0.01
0.01
0.01
0.01
0.01
0.01
0.01
0.01
0.01
0.01
0.01
0.01
0.01
0.01
0.01
0.01
0.01
0.01
0.01
0.01
0.01
0.01
0.01
0.01
0.01
0.01
0.01
0.01
0.01
0.01
0.01
0.01
0.01
0.01
0.01
0.01
0.01
0.01
0.01
0.01
0.01
0.01
0.01
0.01
0.01
0.01
0.01
0.01
0.01
0.01
0.01
0.01
0.01
0.01
0.01
0.01
0.01
0.01
0.01
0.01
0.01
0.01
0.01
0.01
0.01
0.01
0.01
0.01
0.01
0.01
0.01
0.01
0.01
0.01
0.01
0.01
0.01
0.01
0.01
0.01
0.01
0.01
0.01
0.01
0.01
0.01
0.01
0.01
0.01
0.01
0.01
0.01
0.01
0.01
0.01
0.01
0.01
0.01
0.01
0.01
0.01
0.01
0.01
0.01
0.01
0.01
0.01
0.01
0.01
0.01
0.01
0.01
0.01
0.01
0.01
0.01
0.01
0.01
0.01
0.01
0.01
0.01
0.01
0.01
0.01
0.01
0.01
0.01
0.01
0.01
0.01
0.01
0.01
0.01
0.01
0.01
0.01
0.002152
0.0547689
0.130117
0.179698
0.236558
0.303019
0.358713
0.420677
0.479474
0.538153
0.58408
0.640986
0.697302
0.752426
0.806839
0.860086
0.91249
0.963848
1.01417
1.05357
1.10244
1.14982
1.19633
1.242
1.28641
1.32996
1.37229
1.41371
1.44585
1.48549
1.52408
1.56226
1.59694
1.6295
1.65689
1.69505
1.72252
1.74847
1.78642
1.81039
1.84313
1.86638
1.89762
1.92054
1.9485
1.97016
1.98859
2.01602
2.03876
2.42291
2.90196
3.38292
3.86325
4.34368
4.82406
5.20832
5.68852
6.16572
6.35166
6.51349
6.65717
6.45239
6.33203
6.19615
6.08717
5.86507
5.50069
5.16991
4.94615
4.72059
4.61062
4.46488
4.34513
4.22967
4.10822
3.99982
3.95225
4.47601
4.87167
5.3436
5.84108
6.32966
6.81351
7.29462
6.77512
6.25431
5.81797
5.45884
5.22486
4.97712
4.78166
4.63662
4.51537
4.41531
4.33558
4.27113
4.21737
4.19449
4.4719
4.4444
4.43191
4.40602
4.38949
4.37217
4.35359
4.33438
4.10251
3.67308
3.34327
3.1281
2.86811
2.76734
2.68497
2.61555
2.51034
2.44697
2.39812
2.35264
2.3074
2.27703
2.25545
2.73757
3.21657
3.66957
4.09684
4.51522
4.92897
5.36559
5.7344
6.25028
5.76163
5.33164
4.97759
4.69
4.45962
4.27088
4.15547
4.02709
3.92734
3.84655
3.78147
3.72918
3.68554
3.66212
3.64381
3.60862
3.59646
3.58135
3.52322
3.47844
3.48284
3.47753
3.46474
3.45031
3.43704
3.38128
3.00287
2.62417
2.40034
2.21126
2.02603
1.87475
1.69536
1.60548
1.54919
1.46405
1.43823
1.37469
1.37854
1.33694
1.34026
1.29853
1.30206
1.26015
1.24481
1.22181
1.20648
1.21046
1.16818
1.17233
1.56771
1.93453
2.26961
2.51564
2.80287
3.05986
3.29454
3.46437
3.66402
3.79331
3.91163
4.1029
4.27339
4.38217
4.47083
4.54446
4.60809
4.65331
4.7152
5.12529
5.42092
5.76147
6.06591
6.34194
6.56782
6.00782
5.44345
4.90235
4.45304
4.09309
3.84869
3.52564
3.35954
3.17393
3.01998
2.9043
2.81569
2.73798
2.72695
2.71385
2.69855
2.67562
2.66182
2.64543
2.62765
2.60751
2.58926
2.56889
2.55033
2.53024
2.51458
2.49515
2.47496
2.45545
2.43541
2.41578
2.39584
2.37249
2.35581
2.33414
2.31689
2.29532
2.27977
2.26141
2.24072
2.22167
2.2015
2.18561
2.15512
2.10306
2.0845
2.06535
2.06629
2.04449
2.03666
2.01395
1.98666
1.90864
1.86471
1.86089
1.82345
1.82369
1.78505
1.78517
1.7463
1.74685
1.73151
1.69217
1.69317
1.65353
1.65484
2.00239
2.33733
2.63108
2.90495
3.15095
3.33007
3.54051
3.73156
3.93925
4.49029
5.01131
5.50368
5.9859
6.46663
6.94701
7.33108
7.79687
8.22182
7.70228
7.18214
6.66172
6.15493
5.74634
5.48209
5.19265
4.96937
4.78932
4.6443
4.52759
4.43381
4.35855
4.31031
4.2907
4.27109
4.25147
4.23185
4.21194
4.18866
4.16309
4.14077
4.11449
4.10139
4.08696
4.062
4.04587
4.02847
4.00284
3.9593
3.92143
3.89187
3.90304
3.84101
3.36463
3.00497
2.77002
2.57797
2.41974
2.28962
2.18188
2.09793
2.01307
1.96574
1.93387
1.87013
1.87026
1.87357
1.89038
1.91403
1.92795
1.96102
1.95714
1.98738
1.98135
2.00977
2.32985
2.63557
2.82145
3.05596
3.27562
3.48451
3.66531
3.8336
3.98314
4.1134
4.50004
4.97776
5.43421
5.87563
6.33118
6.81864
7.31491
7.79756
8.26943
8.74536
9.22427
9.70365
10.1776
10.6056
10.9151
11.2724
11.5993
11.8939
12.154
11.6335
11.1134
10.5934
10.0735
9.55367
9.03382
8.52626
8.11668
7.85245
7.57328
7.34853
7.16597
7.01868
6.89966
6.80972
6.79054
6.99303
6.75898
6.41425
6.14669
5.95486
5.79739
5.68211
5.57984
5.46996
5.3655
5.27807
4.91427
4.74017
4.54945
4.37485
4.22514
4.1026
4.00356
3.92379
3.85963
3.80812
3.76682
3.73377
3.71807
4.09845
4.57883
5.04459
5.47927
4.88978
4.40126
4.02261
3.82632
3.69228
3.55356
3.42192
3.30753
3.21201
3.13348
3.06546
3.01193
2.97028
2.95777
3.43381
3.89039
4.37562
4.8632
5.25256
5.83093
6.31002
6.69508
7.17597
7.65635
8.13669
8.61489
9.09318
9.57111
10.0165
10.4137
10.7027
11.041
11.345
11.8217
12.2993
12.776
13.253
13.7302
13.3949
13.0561
12.8112
12.3755
12.0049
11.7595
11.6087
11.4456
11.3272
11.2608
10.8408
10.309
9.78601
9.26755
8.74786
8.22623
7.70531
7.18591
6.76213
6.20143
5.61284
5.18685
4.71485
4.47784
4.26403
4.10756
3.98248
3.93903
3.85906
3.76218
3.73396
3.70679
3.65146
3.58052
3.49874
3.43124
3.41206
3.41291
2.97502
2.69846
2.47283
2.14281
1.95575
1.74934
1.5564
1.45332
1.34495
1.30301
1.22079
1.20104
1.16884
1.14227
1.12703
1.08446
1.08896
1.04628
1.05092
1.01432
1.03837
1.01274
1.00401
0.977874
1.14852
1.18166
1.15704
1.14219
1.11838
1.1026
1.07945
1.06291
1.04032
1.02315
1.00727
0.985169
1.24734
1.28164
1.26341
1.24212
1.22364
1.20261
1.18388
1.16792
1.14668
1.12787
1.10715
1.08817
1.06768
1.04932
1.0229
1.00655
0.981872
1.0959
1.09259
1.08602
1.05107
1.04493
1.01271
1.00347
0.971322
1.01538
1.06103
1.0969
1.17204
1.20333
1.26621
1.29023
1.34123
1.35968
1.61093
1.8205
2.02576
2.20476
2.35968
2.47602
2.6394
2.73309
2.84278
2.90618
2.84823
2.75681
2.72941
2.71086
2.69005
2.71459
2.72991
2.73202
2.69083
2.6852
2.68081
3.01181
3.30691
3.57158
3.80913
3.97952
4.1752
4.31848
4.43994
4.60543
4.7518
4.43295
4.17141
4.03961
3.92442
3.81878
3.74602
3.66524
3.30567
2.98863
2.71198
2.52359
2.40783
2.33259
2.28949
2.23088
2.17863
2.11453
2.0796
2.03334
2.00906
1.9947
2.3545
2.69342
2.99196
3.25829
3.49634
3.71075
3.90361
4.07711
4.2332
4.41302
4.62336
4.78673
4.95231
0
0.0669149
0.131272
0.178246
0.231846
0.295226
0.34785
0.407151
0.452128
0.507606
0.573943
0.617252
0.67192
0.724138
0.777115
0.827695
0.878817
0.927708
0.976964
1.01504
1.06174
1.10816
1.15279
1.19722
1.24007
1.28255
1.32391
1.36434
1.39582
1.43464
1.4724
1.5093
1.54191
1.57805
1.60442
1.64271
1.66769
1.69307
1.73024
1.75561
1.7893
1.8138
1.84421
1.86479
1.89474
1.91402
1.93552
1.95988
1.9801
2.00223
2.02113
2.50222
2.9819
3.36628
3.84681
4.3272
4.80758
5.28782
5.76523
6.15002
6.40124
6.56309
6.70853
6.50667
6.35378
6.24963
6.13023
5.89393
5.55224
5.29343
5.12582
5.01781
4.91174
4.83533
4.70591
4.619
4.51597
4.44315
4.93304
5.41175
5.92102
6.41977
6.90423
7.35371
6.83415
6.31456
5.9503
5.48583
5.24497
4.99287
4.64803
4.38768
4.1724
3.99642
3.85373
3.73891
3.66471
3.58607
3.52025
3.46768
3.42758
3.40485
3.38792
3.36983
3.34705
3.3305
3.31193
3.29395
3.27489
3.25557
3.23334
3.18308
3.12827
3.08685
3.19423
3.21414
3.31415
3.4319
3.52252
3.59086
3.64628
3.6924
3.72439
3.75569
4.19895
4.63443
5.068
5.49404
5.84959
6.32379
5.84366
5.34586
4.9283
4.58894
4.31645
4.09161
3.92014
3.7803
3.66612
3.57428
3.50017
3.45247
3.40037
3.38007
3.35832
3.33521
3.31351
3.28537
3.27019
3.25545
3.19771
3.16172
3.16142
3.1561
3.1452
3.13046
3.11332
3.05981
2.98229
2.95874
2.9691
2.97943
2.97408
2.90627
2.81637
2.77697
2.75647
2.73666
2.72079
2.70097
2.68128
2.66157
2.64201
2.91921
3.16671
3.3911
3.59441
3.74162
3.91189
4.06588
4.20499
4.3302
4.44218
4.57322
4.68461
4.73442
4.76166
4.78793
4.81433
4.83786
4.85864
4.87717
4.89104
4.90635
5.29103
5.76219
6.21684
5.6458
5.07909
4.55279
4.16456
3.82758
3.54163
3.30734
3.11734
2.98823
2.85158
2.74419
2.66704
2.59244
2.55306
2.5155
2.49931
2.47577
2.46155
2.44678
2.42529
2.40831
2.38718
2.36917
2.34845
2.32976
2.3095
2.29023
2.27014
2.25069
2.23484
2.21485
2.19513
2.17538
2.15507
2.1326
2.11596
2.09426
2.07666
2.06102
2.03961
2.02124
2.00046
1.98162
1.96109
1.94199
1.92613
1.89563
1.85512
1.81056
1.81616
1.79369
1.79132
1.76715
1.75865
1.73482
1.69908
1.6405
1.59513
1.6003
1.5597
1.56148
1.52097
1.52324
1.50792
1.46705
1.46964
1.42855
1.43137
1.39008
1.39313
1.35164
1.74597
2.09859
2.35524
2.65618
2.92364
3.16928
