0
0.0219181
0.0426916
0.0612312
0.0835731
0.101082
0.124887
0.141222
0.157937
0.183654
0.198727
0.225475
0.239965
0.2673
0.279538
0.307415
0.322644
0.332556
0.361492
0.370609
0.399388
0.407682
0.436801
0.451309
0.45895
0.488075
0.495035
0.523753
0.537646
0.544435
0.572204
0.578971
0.606077
0.612668
0.638856
0.645349
0.670644
0.682854
0.700621
0.712402
0.718521
0.741163
0.747753
0.768958
0.775595
0.79523
0.801916
0.812104
0.830217
0.837196
0.853841
0.860769
0.876196
0.883029
0.89728
0.903981
0.917009
0.923292
0.9307
0.942428
0.948693
0.95945
0.96547
0.975314
0.981064
0.990048
0.99555
1.00065
1.00881
1.39283
1.96772
2.442
2.82499
3.30663
3.78725
4.26696
4.74798
5.22885
5.61348
6.09398
6.57437
7.05206
7.53054
7.91533
8.49176
8.87643
9.35684
9.83707
10.3174
10.7978
11.2782
10.7559
10.3031
9.93948
9.68147
9.47574
9.30526
9.16536
9.08321
8.97828
8.9276
8.87326
8.80891
8.74118
8.67954
8.99969
9.38321
9.73635
10.1189
10.347
10.5661
10.8017
11.0281
11.2674
11.6362
12.0929
12.4578
12.9195
13.3917
13.871
13.3483
12.827
12.3069
11.7849
11.2611
10.7362
10.2152
9.79895
9.33683
8.95275
8.66017
8.42267
8.23243
8.0788
7.97924
7.87642
7.7919
7.73707
7.21291
6.73998
6.35604
6.10738
5.84452
5.62068
5.42684
5.25676
5.12892
5.06696
5.03611
4.98213
4.95291
4.93674
5.41803
5.89868
6.44755
6.80052
7.23715
7.5833
8.11726
8.48828
8.97125
9.43829
9.90357
10.2802
10.8383
11.3119
10.8925
10.3724
9.85178
9.3276
8.80923
8.28918
7.7691
7.24933
6.72986
6.25272
5.86849
5.5584
5.35855
5.09736
4.96941
4.83467
4.72653
4.639
4.60991
4.60094
4.59495
4.58623
4.57762
4.56886
4.53691
4.51844
4.50365
4.48526
4.45193
4.43739
4.42159
4.40476
4.38637
4.35644
4.29955
4.24653
4.21495
4.53115
4.87299
5.12007
5.37374
5.68769
5.90386
6.03789
6.16513
6.25199
6.32337
6.3687
6.41201
6.4639
6.51131
6.55391
6.67474
6.78267
6.87865
6.96375
7.03911
7.42983
7.81809
8.20298
8.5843
8.8869
9.26236
9.63508
10.0054
10.3737
10.7402
11.0322
11.396
11.231
11.0028
10.7645
10.5371
10.4228
10.2879
9.96588
9.38707
8.96
8.44031
7.8819
7.34582
6.8881
6.50108
6.21293
5.98623
5.80883
5.67088
5.58535
5.47284
5.41691
5.35503
5.30173
5.25586
5.21645
5.18262
5.15363
5.12882
5.10763
5.09309
5.54503
6.08289
6.58961
7.0519
7.48158
7.8034
8.25875
7.95828
7.64431
7.38257
7.17784
7.02718
6.9086
6.55375
6.2733
6.05296
5.91474
5.77304
5.66284
5.57789
5.50802
5.49227
5.52124
5.50969
5.44721
5.43692
5.4192
5.36466
5.38977
4.91945
4.42355
4.01766
3.72481
3.52403
3.41652
3.27835
3.20662
3.12729
3.06222
3.01969
