0.153881
0.246747
0.348972
0.447854
0.544693
0.648706
0.747349
0.846617
0.942801
1.0431
1.14816
1.24572
1.35606
1.45595
1.5483
1.64233
1.74738
1.85663
1.9484
2.05183
2.14602
2.2442
2.34994
2.45066
2.55066
2.64791
2.75084
2.85165
2.94813
3.04677
3.14994
3.2486
3.34687
3.45039
3.55591
3.64915
3.75334
3.85088
3.95187
4.06641
4.15466
4.24844
4.35564
4.45945
4.55165
4.65351
4.75347
4.85754
4.9599
5.07182
5.16243
5.26689
5.36229
5.45722
5.55187
5.66939
5.75935
5.86234
5.96345
6.06241
6.16568
6.26125
6.35894
6.46442
6.55903
6.66223
6.76443
6.86344
6.963
7.05681
7.16971
7.25883
7.36548
7.45772
7.57305
7.65789
7.76067
7.86804
7.96549
8.06173
8.16224
8.26333
8.36078
8.46589
8.56371
8.66315
8.76394
8.86639
8.96417
9.06696
9.16783
9.26008
9.37105
9.46998
9.56927
9.67134
9.76197
9.86343
9.96615
10.0732
10.1624
10.2627
10.3635
10.4711
10.5646
10.6751
10.7677
10.8682
10.968
11.0729
11.1686
11.2737
11.3745
11.4709
11.5729
11.6746
11.7716
11.8816
11.976
12.0746
12.1729
12.2707
12.38
12.4806
12.57
12.6856
12.7775
12.8783
12.9763
13.073
13.1794
13.2737
13.374
13.4852
13.5783
13.6743
13.7786
13.8786
13.9776
14.0766
14.1821
14.2822
14.3813
14.4888
14.5845
14.6811
14.7913
14.8806
14.9846
15.0837
15.1883
15.2823
15.3862
15.4799
15.5839
15.6851
15.7828
15.8806
15.9982
16.0857
16.1866
16.2829
16.3857
16.4823
16.5889
16.6865
16.7839
16.8942
16.9845
17.085
17.1984
17.2879
17.3904
17.4898
17.5902
17.683
17.7946
17.8936
17.9927
18.0929
18.189
18.2932
18.3866
18.4959
18.5897
18.6896
0.422048
0.466107
0.567289
0.666991
0.769089
0.862089
0.96658
1.06955
1.16143
1.26437
1.36459
1.46809
1.57207
1.67679
1.76551
1.86927
1.96558
2.06551
2.1638
2.26273
2.36339
2.46353
2.56737
2.66613
2.76323
2.86387
2.96598
3.06788
3.18155
3.27206
3.3713
3.47424
3.57525
3.6755
3.77335
3.877
3.97605
4.07574
4.17609
4.27432
4.38556
4.45698
4.55288
4.65218
4.75445
4.85464
4.95963
5.05966
5.16621
5.2588
5.36346
5.46518
5.56207
5.65479
5.75631
5.85891
5.9587
6.05987
6.16341
6.25658
6.36111
6.46125
6.56626
6.66139
6.76584
6.85775
6.96373
7.06113
7.16018
7.2599
7.35958
7.46348
7.55923
7.66485
7.76398
7.86196
7.96992
8.0634
8.16668
8.26514
8.36279
8.46448
8.56081
8.66911
8.76854
8.86351
8.96617
9.00713
9.10926
9.21342
9.31472
9.41366
9.51012
9.61435
9.64814
9.74323
9.85344
9.94635
10.0411
10.1481
10.2462
10.3521
10.4482
10.5518
10.6543
10.7489
10.852
10.952
11.0498
11.1578
11.2545
11.3487
11.4507
11.5524
11.652
11.6758
11.7749
11.8767
11.9759
12.0676
12.162
12.2361
12.3383
12.4373
12.5413
12.6355
12.739
12.8407
12.9404
13.0329
13.1449
13.2384
13.3375
13.4405
13.5443
13.6415
13.7475
13.8431
13.9451
14.0439
14.1468
14.2428
14.3482
14.445
14.5511
14.6449
14.746
14.8423
14.9436
15.0442
15.146
15.2494
15.3461
15.4528
15.5448
15.6488
15.7518
15.847
15.9443
16.0442
16.1478
16.2468
16.3513
16.4519
16.5459
16.6543
16.7556
16.8491
16.9553
17.0509
17.1532
17.2581
17.3534
17.551
17.6552
17.7544
17.8541
17.9606
18.0543
18.1596
18.263
18.3563
18.4554
18.5767
18.6554
18.7624
18.8587
18.9604
19.0565
19.1657
19.2614
19.3597
19.4693
19.5589
19.6556
19.764
19.8685
19.959
20.065
20.1639
20.2639
20.3573
20.474
20.5614
20.6608
20.7779
20.8701
20.9702
21.0655
21.1676
21.2705
21.3701
21.4639
21.565
21.6689
21.7666
21.8648
21.973
22.0704
22.1716
22.268
22.3704
22.4775
22.572
22.6736
22.7716
22.8718
22.9737
23.0731
23.1653
23.2718
23.3742
23.4713
23.5712
23.6734
23.7735
23.8825
23.9786
24.0715
24.1795
24.2757
24.3831
24.4814
24.5793
24.6834
24.7776
24.8839
24.9772
25.0809
25.1793
25.2782
25.3821
25.4805
25.5774
25.6864
25.7826
25.8779
25.9782
26.0855
26.1794
26.2776
26.3822
26.4785
26.5766
26.6816
26.7791
26.8806
26.981
27.0787
27.1828
27.2785
27.3784
27.4885
27.581
27.6775
27.7756
27.8817
27.978
28.0752
28.1764
28.2812
28.3726
28.476
28.575
28.6748
28.7713
28.875
28.9852
29.0787
29.175
29.2698
29.3741
29.4822
29.5695
29.6725
29.7709
29.874
29.9706
30.0778
30.1704
30.2767
30.3789
30.4791
30.5788
30.6778
30.7679
30.878
30.9755
31.1777
31.2875
31.3832
31.4763
31.5792
31.6755
31.7765
31.8774
31.9747
32.0776
32.1786
32.2775
32.3875
32.4754
32.5761
32.6857
32.7827
32.8818
32.9738
33.0841
33.1817
33.2812
33.3848
33.4796
33.5779
33.6797
33.7794
33.8755
33.9825
34.0844
34.1795
34.2877
34.384
34.4858
34.5855
34.6818
34.7906
34.8849
34.9825
35.0879
35.1886
35.2842
35.3896
35.4869
35.5822
35.6923
35.7852
35.887
35.9849
36.0817
36.1809
36.2849
36.3943
36.4883
36.5886
36.6865
36.7881
36.8873
36.9875
37.0927
37.193
37.2894
37.3876
37.4832
37.5942
37.6881
37.7883
37.8956
37.9859
38.0852
38.1932
38.2867
38.3844
38.5015
38.591
38.6924
38.7945
38.8942
38.9938
39.0932
39.193
39.294
39.3945
39.494
39.5951
39.6904
39.7919
39.8964
39.9893
40.0902
40.1964
40.297
40.3909
40.4948
40.5947
40.6982
40.7933
40.893
40.9949
41.0939
41.1932
41.2883
41.3992
41.4928
41.594
41.689
41.7962
41.8919
41.9908
42.0924
42.1942
42.2933
42.4011
42.494
42.5938
42.6938
42.7905
42.9915
43.0913
43.1902
43.2923
43.4074
43.4939
43.5889
43.6902
43.7941
43.8917
43.9952
44.0965
44.1961
44.2904
44.3998
44.4927
44.5907
44.6857
44.7892
44.8916
44.9932
45.0866
45.1951
45.293
45.392
45.5003
45.595
45.7008
45.796
45.8966
45.9949
46.0942
46.1919
46.2915
46.3965
46.5004
46.589
46.6903
46.7952
46.8949
46.9977
47.091
47.1945
47.297
47.392
47.4908
47.5943
47.6915
47.7987
47.8984
48.0039
48.0918
48.1969
48.2895
48.3915
48.4905
48.5862
48.6829
48.7903
48.8835
48.988
49.0933
49.1871
49.2883
49.3861
49.4944
49.5941
49.6913
49.7944
49.8905
49.9947
50.1072
0.0679959
0.170524
0.263073
0.363817
0.465448
0.564842
0.662658
0.763097
0.865783
0.964779
1.08002
1.16586
1.27671
1.37202
1.47145
1.56953
1.6703
1.76641
1.86657
1.97715
2.07245
2.17388
2.26396
2.36038
2.46728
2.56083
2.67534
2.76603
2.86044
2.96164
3.06571
3.16384
3.26403
3.37252
3.46252
3.57101
3.6756
3.7628
3.86541
3.96946
4.0672
4.16781
4.26707
4.38599
4.46679
4.56795
4.67063
4.76884
4.86547
4.96751
5.06751
5.16762
5.268
5.36491
5.48134
5.57373
5.66917
5.76707
5.86583
5.96977
6.07136
6.16745
6.26699
6.36855
6.46862
6.56837
6.67237
6.76693
6.86439
6.97265
7.07012
7.17545
7.27152
7.36755
7.4704
7.56721
7.66717
7.87223
7.96788
8.06608
8.16669
8.2659
8.36345
8.47617
8.56777
8.667
8.77657
8.87332
8.97735
9.06902
9.17409
9.27071
9.36948
9.47279
9.56604
9.66844
9.77552
9.87285
9.97868
10.075
10.1749
10.2741
10.3701
10.4809
10.5744
10.6829
10.7736
10.8764
10.9782
11.0686
11.1724
11.2882
11.3809
11.4732
11.5731
11.6787
11.7805
11.8766
11.9819
12.075
12.1842
12.2838
12.3761
12.4784
12.5754
12.6822
12.7812
12.8815
12.9793
13.082
13.1857
13.2862
13.3913
13.4891
13.5828
13.6935
13.7886
13.8818
13.9835
14.0819
14.1821
14.2856
14.3905
14.4819
14.5884
14.6897
14.7863
14.8866
14.9874
15.0851
15.1946
15.2941
15.3919
15.4925
15.5921
15.6904
15.7948
15.8914
15.9903
16.0884
16.1945
16.287
16.3857
16.4896
16.5882
16.6872
16.7884
16.8902
16.987
17.0942
17.1909
17.2867
17.3952
17.4897
17.5843
17.6944
17.7861
17.885
17.9955
18.0928
18.192
18.2862
18.3995
18.4907
18.5855
18.704
18.7884
18.8886
18.992
19.0895
19.2044
19.2849
19.3884
19.4941
19.587
19.6872
19.7859
19.8895
19.9911
20.0867
20.1935
20.2947
20.3906
20.4887
20.59
20.6929
20.7876
20.8963
20.999
21.0885
21.199
21.2877
21.389
21.4958
21.594
21.687
21.7863
21.8949
21.9954
22.0959
22.194
22.2896
22.3919
22.502
22.5872
22.6994
22.7952
22.8959
22.9954
23.0953
23.192
23.299
23.3959
23.5045
23.5957
23.6951
23.7979
23.8963
23.994
24.0929
24.1979
24.2974
24.3937
24.4968
24.5979
24.7013
24.8002
24.9029
24.999
25.1086
25.2029
25.2942
25.3968
25.497
25.5968
25.7061
25.7969
25.8993
25.9983
26.1034
26.2099
26.3042
26.402
26.5019
26.6069
26.6997
26.8105
26.9058
27.0038
27.1143
27.1996
27.3025
27.4031
27.5022
27.5989
27.7004
27.8055
27.902
28.0056
28.1076
28.2083
28.3065
28.4117
28.5001
28.6056
28.7063
28.805
28.8995
29.0006
29.1065
29.2028
29.3057
29.4026
29.5101
29.6027
29.7028
29.8091
29.9015
30.0013
30.0899
30.1923
30.2973
30.3956
30.4866
30.5963
30.6952
30.7916
30.9005
30.9895
31.0931
31.1946
31.29
31.3975
31.4917
31.5946
31.7018
31.798
31.9001
31.9925
32.1055
32.1971
32.2983
32.3961
32.497
32.6009
32.6945
32.8107
32.9035
32.9988
33.1006
33.2016
33.3159
33.404
33.502
33.6066
33.7058
33.8026
33.9058
34.0051
34.1052
34.2005
34.3026
34.4028
34.5025
34.6043
34.7032
34.8059
34.9088
35.004
35.111
35.2022
35.3081
35.414
35.509
35.6096
35.7064
35.8104
35.904
36.0104
36.1104
36.2097
36.3031
36.4121
36.5097
36.6044
36.7047
36.8115
36.9061
37.01
37.1149
37.2121
37.309
37.4105
37.5061
37.6083
37.7077
37.8088
37.9115
38.0221
38.1188
38.231
38.3105
38.4104
38.5204
38.6164
38.7166
0.316124
0.419047
0.518062
0.618235
0.722785
0.817448
0.916181
1.01714
1.11805
1.21677
1.31832
1.41838
1.51494
1.61864
1.71699
1.81533
1.91702
2.01729
2.11714
2.21737
2.31697
2.41725
2.51754
2.61847
2.71763
2.81786
2.9175
3.01791
3.11862
3.21899
3.32442
3.41942
3.52416
3.62098
3.72112
3.82249
3.92202
4.02327
4.1222
4.22461
4.32258
4.42235
4.52727
4.62303
4.72234
4.8269
4.92419
5.02438
5.12414
5.22435
5.32816
5.4238
5.52678
5.62451
5.72579
5.82649
5.92529
6.0263
6.127
6.22746
6.32755
6.42775
6.5303
6.62741
6.7331
6.82912
6.92669
7.03008
7.12568
7.22789
7.32949
7.42819
7.52593
7.62644
7.72887
7.82675
7.92831
8.02879
8.12386
8.22584
8.32446
8.42225
8.52592
8.62307
8.72239
8.82845
8.92398
9.02254
9.12262
9.22511
9.32462
9.42295
9.52478
9.62232
9.72529
9.82292
9.92226
10.0231
10.1228
10.2238
10.3254
10.4257
10.5257
10.6267
10.7276
10.8273
10.8435
10.9449
11.0436
11.1432
11.2437
11.3443
11.4423
11.5421
11.6437
11.7419
11.8432
11.8478
11.9481
12.0459
12.1481
12.2466
12.3446
12.4167
12.5153
12.6171
12.7179
12.8162
12.9194
13.0181
13.1187
13.2213
13.3236
13.403
13.4567
13.5547
13.6519
13.7529
13.7966
13.8976
13.9968
14.0993
14.2004
14.2994
14.3965
14.4966
14.5986
14.6957
14.7959
14.8981
14.997
15.098
15.1988
15.2997
15.3983
15.4983
15.6029
15.7014
15.7992
15.8993
15.9996
16.1007
16.2012
16.3015
16.4045
16.4998
16.6032
16.7019
16.8005
16.9015
17.0034
17.1017
17.2033
17.3045
17.4086
17.5038
17.606
17.7051
17.8053
17.9044
18.0042
18.1098
18.2046
18.3057
18.409
18.5072
18.6075
18.7073
18.7429
18.841
18.9416
19.0404
19.1405
19.2406
19.3413
19.4424
19.544
19.6412
19.7442
19.8444
19.9413
20.0421
20.1425
20.2415
20.3424
20.4431
20.5443
20.6444
20.7475
20.8472
20.9447
21.0465
21.1443
21.2485
21.3489
21.4463
21.5443
21.6442
21.7471
21.8437
21.9462
22.0461
22.1462
22.249
22.3485
22.4459
22.5462
22.6465
22.7496
22.8446
22.9451
23.0456
23.1478
23.2469
23.349
23.4511
23.5445
23.65
23.7478
23.8457
23.9505
24.0458
24.1475
24.2482
24.3469
24.4431
24.5433
24.6465
24.7448
24.8453
24.9508
25.0457
25.1437
25.2442
25.3436
25.445
25.5478
25.646
25.7456
25.8472
25.9479
26.0475
26.1482
26.2464
26.3459
26.45
26.5464
26.6476
26.7512
26.8492
26.9478
27.0484
27.1502
27.2482
27.3517
27.4519
27.55
27.6502
27.7504
27.8532
27.9563
28.0536
28.1545
28.2529
28.3549
28.4545
28.5523
28.6536
28.7539
28.8575
28.9558
29.0541
29.1582
29.2556
29.3558
29.4577
29.5569
29.6573
29.7573
29.8599
29.9578
30.0598
30.1575
30.2553
30.3583
30.4578
30.5567
30.6577
30.7571
30.8581
30.9679
31.0605
31.1598
31.2604
31.3636
31.4623
31.5609
31.6608
31.7606
31.8623
31.9595
32.0596
32.1628
32.2616
32.3608
32.4632
32.5657
32.6644
32.764
32.8657
32.9647
33.0656
33.1647
33.2644
33.3644
33.4654
33.5656
33.6647
33.765
33.8658
33.9654
34.0676
34.1668
34.2639
34.3641
34.4629
34.5632
34.6641
34.7637
34.8622
34.9621
35.0641
35.1633
35.2634
35.3661
35.4659
35.5675
35.6683
35.7647
35.8648
35.9648
36.0641
36.1671
36.2661
36.3649
36.4649
36.5681
36.6678
36.7661
36.8674
36.9672
37.0698
37.1712
37.2669
37.3693
37.4661
37.5661
37.6664
37.7667
37.8686
37.9677
38.0688
38.1705
38.2689
38.3673
38.4667
38.5699
38.6689
38.7669
38.8679
38.9659
39.0673
39.1703
39.2648
39.3678
39.4654
39.5676
39.6705
39.7668
39.8671
39.9675
40.0669
40.1673
40.2665
40.3692
40.4682
40.5708
40.6692
40.7684
40.8706
40.9695
41.0693
41.173
41.27
41.3697
41.4705
41.5719
41.6716
41.7751
41.8725
41.972
42.0745
42.1753
42.2747
42.3749
42.4737
42.5737
42.6739
42.775
42.8752
42.9758
43.0771
43.1749
43.2823
43.3759
43.4762
43.5748
43.6741
43.7748
43.8812
43.9749
44.0749
44.1776
44.2764
44.3756
44.4778
44.5777
44.6761
44.7859
44.8787
44.977
45.0806
45.1779
45.2796
45.3804
45.4804
45.5782
45.6782
45.7792
45.8787
45.9868
46.0832
46.1785
46.279
46.3792
46.4798
46.5812
46.6815
46.7808
46.8812
46.9833
47.082
47.1814
47.2861
47.3839
47.4846
47.5827
47.6823
47.784
47.8843
47.9838
48.0852
48.1844
48.2853
48.389
48.4854
48.5848
48.6849
48.7867
48.8866
48.9851
49.0857
49.184
49.2824
49.3839
49.4841
49.5848
49.6845
49.7857
49.886
49.9867
50.0882
50.1879
50.2885
50.3888
50.4887
50.5915
50.69
50.7919
50.8895
50.9909
51.0926
51.1905
51.2904
51.3911
51.4929
51.5923
51.6953
51.7965
51.8952
51.9961
52.094
52.1931
52.2941
52.394
52.4947
52.5962
52.698
52.7981
52.8968
52.9999
53.1019
53.1993
53.3004
53.3985
53.499
53.6084
53.6997
53.7993
53.9007
54.0017
54.1005
54.2051
54.3031
54.4017
54.502
54.6037
54.7017
54.8039
54.9031
55.0034
55.1052
55.2047
55.3055
55.4056
55.5087
55.6071
55.7068
55.8079
55.9077
56.0097
56.1085
56.2097
56.3172
56.4103
56.5117
56.6117
56.7126
56.8133
56.9123
57.0134
57.1131
57.2161
57.3152
57.4115
57.5179
57.613
57.7134
57.8159
57.9194
58.0145
58.1131
58.2141
58.3143
58.4155
58.5137
58.6173
58.7152
58.8161
58.9177
59.0165
59.1155
59.2238
59.3182
59.4144
59.522
59.6142
59.7141
59.8143
59.9164
60.0161
60.1156
60.2193
60.3165
60.4161
60.5152
60.6115
60.7113
60.8115
60.913
61.0145
61.115
61.2192
61.3139
61.4163
61.5141
61.6116
61.7145
61.8109
61.9109
62.0119
62.1115
62.2109
62.3124
62.4136
62.5137
62.6128
62.7177
62.8162
62.9137
63.0138
63.1134
63.2138
63.3123
63.4129
63.5114
63.6121
63.7138
63.8128
63.9138
64.0149
64.1138
64.2147
64.3155
64.4143
64.5146
64.6167
64.7154
64.8182
64.9171
65.0159
65.116
65.2162
65.3175
65.4179
65.5175
65.6184
65.7212
65.818
65.9255
66.0201
66.1241
66.2197
66.32
66.4205
66.5222
66.6213
66.724
66.8224
66.9232
67.0282
67.1257
67.2317
67.3253
67.4251
67.5291
67.625
67.7253
67.8251
67.9288
68.0264
68.1266
68.23
68.3267
68.431
68.529
68.6324
68.7324
68.8279
68.9284
69.0295
69.1233
69.2239
69.3228
69.4247
69.5251
69.6237
69.7212
69.8215
69.9272
70.0261
70.1229
70.2222
70.323
70.4232
70.5278
70.624
70.725
70.826
70.9272
71.0271
71.1271
71.2261
71.3262
71.4313
71.5273
71.6268
71.7271
71.8309
71.9288
72.036
72.1302
72.2304
72.3306
72.4366
72.5357
72.6311
72.7418
72.8347
72.9327
73.0353
73.1345
73.234
73.3334
73.435
73.5338
73.6336
73.7338
73.8352
73.9343
74.0364
74.1343
74.2336
74.3339
74.4365
74.5348
74.6334
74.7386
74.834
74.9369
75.0348
75.1355
75.2424
75.3373
75.4395
75.5349
75.6347
75.7382
75.8365
75.9363
76.0373
76.1377
76.236
76.3377
76.4369
76.5368
76.6387
76.7403
76.8384
76.9394
77.0375
77.1376
77.24
77.339
77.4372
77.539
77.6405
77.7395
77.8424
77.9421
78.0406
78.1433
78.2409
78.3417
78.448
78.5426
78.6437
78.7492
78.8449
78.942
79.0435
79.1435
79.2435
79.344
79.4476
79.5426
79.6474
79.7485
79.8453
79.9463
80.046
80.1462
80.249
80.3493
80.4489
80.5492
80.6512
80.7494
80.8523
80.9517
81.0498
81.1539
81.2511
81.3515
81.4523
81.5534
81.6532
81.7541
81.8541
81.9536
82.0582
82.1529
82.2519
82.3562
82.4518
82.5525
82.6527
82.7516
82.8532
82.952
83.0537
83.1528
83.2522
83.3541
83.4575
83.5557
83.6555
83.7522
83.8551
83.9573
84.0536
84.1523
84.2551
84.3529
84.4537
84.5542
84.6567
84.7536
84.8554
84.9552
85.0546
85.1551
85.2551
85.356
85.4564
85.556
85.6576
85.7561
85.8569
85.9582
86.0583
86.1609
86.2582
86.3597
86.4582
86.5578
86.6594
86.7595
86.8588
86.9616
87.062
87.1611
87.2622
87.365
87.4635
87.5648
87.665
87.7635
87.8646
87.9638
88.0643
88.1701
88.2672
88.3648
88.4665
88.5668
88.666
88.7663
88.868
88.9675
89.0677
89.1676
89.268
89.368
89.4685
89.5684
89.6687
89.7708
89.8688
89.9679
90.0704
90.1717
90.2723
90.3714
90.4695
90.5707
90.6692
90.7695
90.8679
90.9671
91.0676
91.1697
91.2679
91.3694
91.4681
91.5697
91.6689
91.7681
91.8705
91.9695
92.0747
92.1712
92.2696
92.3716
92.4697
92.5708
92.6738
92.7703
92.8711
92.9714
93.0734
93.1707
93.2747
93.374
93.4709
93.5716
93.6748
93.7699
93.8728
93.9695
94.0688
94.1736
94.271
94.3725
94.472
94.5746
94.6765
94.7735
94.8718
94.9725
95.0749
95.173
95.2754
95.3744
95.4729
95.5804
95.6764
95.7741
95.8783
95.9758
96.0765
96.178
96.278
96.3763
96.4831
96.5814
96.6774
96.779
96.8801
96.9771
97.0774
97.1798
97.2788
97.3787
97.4828
97.5788
97.6933
97.7786
97.878
97.9784
98.0809
98.1785
98.2841
98.3808
98.4806
98.5813
98.6794
98.7793
98.8811
98.9804
99.079
99.1799
99.2815
99.3805
99.481
99.5827
99.6811
99.782
99.8822
99.9842
100.084
100.185
100.286
100.386
100.489
100.585
100.685
100.789
100.885
100.99
101.09
101.187
101.292
101.39
101.489
101.59
101.689
101.79
101.889
101.99
102.09
102.188
102.289
102.39
102.491
102.59
102.688
102.79
102.892
102.989
103.092
103.19
103.291
103.391
103.494
103.594
103.692
103.793
103.895
103.992
104.093
104.192
104.292
104.395
104.494
104.594
104.695
104.796
104.896
104.997
105.097
105.196
105.295
105.396
105.496
105.598
105.698
105.796
105.896
105.998
106.098
106.199
106.3
106.398
106.505
106.602
106.701
106.802
106.897
106.997
107.099
107.198
107.298
107.396
107.498
107.597
107.696
107.794
107.894
107.998
108.096
108.196
108.297
108.396
108.498
108.599
108.697
108.799
108.899
108.999
109.099
109.198
109.301
109.399
109.502
109.604
109.7
109.8
109.901
110.001
110.104
110.202
110.301
110.395
110.499
110.595
110.695
110.797
110.896
110.999
111.098
111.199
111.299
111.404
111.507
111.604
111.704
111.804
111.904
112.004
112.104
112.205
112.305
112.403
112.503
112.603
112.706
112.807
112.909
113.006
113.106
113.209
113.31
113.408
113.509
113.607
113.707
113.81
113.91
114.009
114.107
114.211
114.308
114.408
114.509
114.609
114.711
114.809
114.909
115.012
115.108
115.208
115.316
115.411
115.509
115.61
115.709
115.811
115.912
116.013
116.112
116.216
116.314
116.412
116.515
116.613
116.716
116.815
116.915
117.014
117.115
117.219
117.315
117.418
117.518
117.615
117.714
117.824
117.916
118.016
118.118
118.218
118.317
118.418
118.522
118.618
118.718
118.82
118.92
119.024
119.121
119.222
119.322
119.422
119.522
119.621
119.723
119.822
119.924
120.023
120.121
120.228
120.323
120.422
120.523
120.624
120.724
120.824
120.921
121.018
121.121
121.22
121.319
121.42
121.521
121.621
121.722
121.823
121.923
122.023
122.123
122.222
122.322
122.425
122.522
122.622
122.723
122.822
122.923
123.023
123.121
123.221
123.321
123.422
123.528
123.621
123.719
123.82
123.92
124.019
124.122
124.22
124.321
124.421
124.52
124.621
124.722
124.822
124.923
125.027
125.124
125.224
125.324
125.426
125.525
125.624
125.726
125.824
125.931
126.03
126.125
126.229
126.327
126.425
126.527
126.629
126.726
126.826
126.927
127.027
127.13
127.229
127.327
127.428
127.529
127.63
127.731
127.829
127.931
128.03
128.129
128.231
128.33
128.434
128.531
128.633
128.736
128.83
128.932
129.032
129.131
129.234
129.336
129.431
129.532
129.632
129.732
129.833
129.933
130.032
130.134
130.235
130.333
130.433
130.534
130.636
130.735
130.834
130.936
131.035
131.138
131.237
131.336
131.436
131.536
131.638
131.74
131.838
131.936
132.035
132.136
132.237
132.336
132.435
132.535
132.635
132.736
132.837
132.935
133.035
133.137
133.236
133.337
133.439
133.535
133.639
133.738
133.837
133.942
134.038
134.142
134.242
134.343
134.444
134.541
134.644
134.743
134.84
134.941
135.042
135.143
135.243
135.345
135.444
135.545
135.645
135.743
135.844
135.943
136.044
136.145
136.245
136.345
136.449
136.548
136.646
136.746
136.85
136.947
137.048
137.148
137.245
137.348
137.447
137.545
137.649
137.747
137.846
137.951
138.048
138.147
138.248
138.352
138.446
138.548
138.65
138.744
138.845
138.945
139.045
139.15
139.246
139.346
139.447
139.551
139.646
139.747
139.849
139.946
140.056
140.149
140.247
140.35
140.451
140.549
140.653
140.749
140.85
140.953
141.051
141.148
141.248
141.35
141.448
141.548
141.648
141.749
141.849
141.95
142.049
142.153
142.247
142.349
142.454
142.548
142.648
142.747
142.849
142.951
143.051
143.151
143.248
143.35
143.449
143.549
143.649
143.749
143.848
143.949
144.05
144.149
144.249
144.35
144.45
144.555
144.651
144.751
144.853
144.95
145.049
145.149
145.249
145.349
145.45
145.552
145.653
145.752
145.855
145.953
146.056
146.161
146.259
146.356
146.455
146.555
146.658
146.756
146.858
146.954
147.057
147.159
147.254
147.354
147.454
147.558
147.656
147.757
147.857
147.957
148.056
148.16
148.256
148.358
148.457
148.558
148.66
148.759
148.858
148.959
149.059
149.159
149.259
149.359
149.459
149.562
149.662
149.76
149.863
149.961
150.061
150.166
150.265
150.361
150.461
150.563
150.661
150.762
150.865
150.96
151.061
151.161
151.263
151.36
151.462
151.563
151.662
151.763
151.865
151.963
152.064
152.163
152.27
152.363
152.459
152.566
152.661
152.76
152.865
152.963
153.06
153.16
153.259
153.36
153.463
153.561
153.661
153.764
153.864
153.968
154.064
154.163
154.264
154.364
154.462
154.564
154.663
154.763
154.868
154.966
155.066
155.166
155.268
155.37
155.468
155.571
155.667
155.768
155.87
155.966
156.067
156.168
156.269
156.37
156.471
156.57
156.67
156.771
156.872
156.972
157.072
157.172
157.274
157.374
157.473
157.575
157.674
157.774
157.875
157.975
158.076
158.176
158.277
158.378
158.476
158.576
158.676
158.779
158.881
158.978
159.085
159.18
159.28
159.383
159.481
159.582
159.68
159.781
159.881
159.981
160.078
160.176
160.279
160.378
160.477
160.586
160.678
160.778
160.878
160.977
161.077
161.18
161.278
161.378
161.479
161.579
161.68
161.781
161.88
161.98
162.082
162.181
162.281
162.381
162.484
162.584
162.685
162.784
162.884
162.985
163.085
163.184
163.285
163.385
163.488
163.587
163.685
163.785
163.885
163.983
164.083
164.185
164.281
164.381
164.482
164.583
164.683
164.787
164.883
164.983
165.089
165.185
165.284
165.384
165.486
165.582
165.681
165.782
165.882
165.986
166.085
166.183
166.285
166.383
166.483
