0.00234028
0.10985
0.20531
0.304682
0.400868
0.503977
0.614203
0.707848
0.803653
0.898302
1.00743
1.10439
1.14587
1.24814
1.29761
1.4056
1.49475
1.59288
1.69279
1.79097
1.87044
1.96732
2.06665
2.16735
2.26219
2.3636
2.4635
2.56167
2.66011
2.76334
2.86376
2.96471
3.06226
3.15678
3.26297
3.37632
3.46356
3.55712
3.66765
3.7616
3.86732
3.95995
4.05648
4.16355
4.25971
4.3668
4.46222
4.55986
4.65738
4.75845
4.8588
4.96149
5.05592
5.15398
5.25642
5.36292
5.45842
5.56323
5.6481
5.74731
5.85167
5.94829
6.05569
6.146
6.24997
6.35134
6.44897
6.55061
6.64589
6.74381
6.85107
6.95765
7.04708
7.1498
7.24672
7.34699
7.45113
7.54945
7.65381
7.75127
7.85165
7.94721
8.04661
8.14303
8.24987
8.34607
8.44485
8.54486
8.64494
8.74164
8.84032
8.93702
9.03784
9.14086
9.24065
9.34126
9.44176
9.53922
9.63895
9.74663
9.83955
9.93633
10.04
10.1373
10.2412
10.3368
10.4322
10.5258
10.6415
10.7388
10.8343
10.9343
11.0328
11.1442
11.2354
11.3304
11.4184
11.5152
11.6174
11.7128
11.8225
11.9196
12.0224
12.1185
12.2151
12.3166
12.4179
12.51
12.6133
12.7074
12.8069
12.912
13.0046
13.1108
13.2077
13.3006
13.4109
13.5037
13.6046
13.7087
13.8045
13.9026
14.0057
14.1039
14.208
14.3001
14.403
14.5016
14.5991
14.7095
14.8
14.897
14.9988
15.0951
15.209
15.2921
15.4044
15.4925
15.6011
15.6992
15.7906
15.8988
15.988
16.0868
16.1931
16.2954
16.3906
16.4888
16.5894
16.6915
16.7898
16.8835
16.9867
17.0929
17.1884
17.2861
17.3921
17.4879
17.587
17.6993
17.7873
17.8899
17.9858
18.0854
18.1913
18.2902
18.3812
18.4829
18.5851
18.6866
18.7802
18.8815
18.9804
19.086
19.1771
19.2741
19.3724
19.4691
19.574
19.6738
19.773
19.8639
19.9623
20.0651
20.1765
20.2659
20.3584
20.4639
20.5675
20.6617
20.7618
20.8639
20.9778
21.0653
21.1559
21.2575
21.3539
21.457
21.5506
21.6549
21.7529
21.848
21.9518
22.0688
22.1512
22.2566
22.3512
22.4504
22.55
22.649
22.7518
22.8486
22.9443
23.0415
23.1433
23.2531
23.3341
23.4331
23.5573
23.6343
23.7323
23.8327
23.9417
24.0355
24.1336
24.2295
24.3306
24.4386
24.5308
24.6328
24.7315
24.8275
24.9366
25.0244
25.1339
25.2244
25.3226
25.4207
25.519
25.6156
25.716
25.8244
25.9228
26.0213
26.1144
26.2152
26.3189
26.4152
26.5045
26.6015
26.6998
26.8063
26.8965
26.9967
27.0991
27.2031
27.2977
27.4007
27.5022
27.5918
27.6908
27.7844
27.8864
27.9902
28.088
28.1857
28.2872
28.3869
28.4834
28.5895
28.6841
28.7759
28.8742
28.9778
29.0715
29.1799
29.287
29.3732
29.4748
29.5683
29.6771
29.7651
29.8717
29.9712
30.0594
