0.0366797
0.135812
0.229785
0.330825
0.424324
0.526369
0.627977
0.7278
0.828702
0.927417
1.0267
1.13359
1.22732
1.32596
1.4282
1.52789
1.62341
1.73122
1.82851
1.92683
2.02926
2.12845
2.22297
2.32957
2.42688
2.51889
2.6194
2.72034
2.81419
2.91916
3.01908
3.11514
3.22389
3.31804
3.41496
3.52076
3.61329
3.71344
3.81565
3.92298
4.01392
4.11779
4.21916
4.31381
4.42005
4.52051
4.61586
4.71882
4.81869
4.91966
5.0143
5.11616
5.22484
5.32105
5.41477
5.52074
0.014458
0.121188
0.221864
0.315794
0.420824
0.521426
0.613346
0.719735
0.817566
0.919799
1.01919
1.12355
1.22214
1.31996
1.42726
1.5235
1.63139
1.71959
1.82318
1.92038
2.01907
2.12135
2.21606
2.31854
2.42541
2.51894
2.63186
2.71242
2.81386
2.91497
3.01466
3.10855
3.2295
3.3157
3.42108
3.51558
3.61323
3.72154
3.81648
3.9157
4.01234
4.11283
4.21364
4.31502
4.41223
4.52133
4.60736
4.72436
4.81439
4.90961
5.00775
5.10417
5.21584
5.30598
5.40798
5.50238
5.60675
5.70734
5.81318
5.90914
6.00614
6.10384
6.21379
6.30119
6.40504
6.5047
6.59689
6.69822
6.80312
6.89657
7.00457
7.10013
7.19222
7.30742
7.40016
7.49649
7.59836
7.69615
7.80746
7.8884
7.98998
8.09045
8.19077
8.28748
8.39153
8.48529
8.58652
8.6855
8.79057
8.88337
8.99008
9.08111
9.17789
9.27916
9.37707
9.47397
9.57484
9.67586
9.781
9.8724
9.97653
10.075
10.1711
10.2772
10.3744
10.472
10.5752
10.6724
10.7796
10.8662
10.9663
11.0759
11.1699
11.277
11.3734
11.4736
11.5709
11.6703
11.7728
11.8696
11.9699
12.0679
12.1679
12.2662
12.3685
12.4727
12.5711
12.6672
12.7654
12.8629
12.9648
13.0683
13.1678
13.2717
13.368
13.4587
13.5532
13.6566
13.7575
13.86
13.9526
14.0517
14.1502
14.2525
14.3521
14.4473
14.5474
14.6464
14.7452
14.853
14.9469
15.051
15.1484
15.2495
15.3412
15.4502
15.5468
15.6447
15.7396
15.8389
15.9428
16.037
16.1399
16.2304
16.3317
16.4343
16.5333
16.6283
16.7305
16.8297
16.9352
17.0274
17.1263
17.2377
17.322
17.4225
17.5158
17.6242
17.7202
17.8181
17.9165
18.014
18.1201
18.2266
18.3072
18.4134
18.5078
18.608
18.7056
18.8072
18.9071
19.0047
19.1102
19.2012
19.2991
19.4001
19.4915
19.5933
19.6964
19.7897
19.895
19.9901
20.0889
20.1881
20.2882
20.3917
20.4872
20.5817
20.689
20.7787
20.8795
20.9805
21.0769
21.187
21.2842
21.3839
21.4815
21.5974
21.6896
21.7861
21.8847
21.981
22.0823
22.1842
22.2789
22.3842
22.4813
22.5849
22.6795
22.7777
22.8751
22.9748
23.0787
23.1845
23.291
23.3782
23.4743
23.5791
23.6725
23.777
23.876
23.9659
24.0681
24.1633
24.2669
24.3713
24.4654
24.5658
24.6763
24.7614
24.8675
24.9621
25.0669
25.1585
25.2583
25.3614
25.4592
25.5615
25.6593
25.7615
25.8622
25.9543
26.0596
26.1556
26.2596
26.3629
26.4532
26.5608
26.6543
26.756
26.8564
26.9477
27.0457
27.143
27.2429
27.355
27.441
27.5533
27.6412
27.7359
27.8434
27.9341
28.0415
28.1309
28.2319
28.3391
28.4371
28.5292
28.632
28.7397
28.8347
28.9324
29.0324
29.1403
29.2314
29.3272
29.4389
29.5407
29.633
29.7324
29.8318
29.9311
30.0294
30.1295
30.2452
30.3322
30.4262
30.5304
30.6265
30.7362
30.8286
30.9252
31.0452
31.1306
31.2227
31.3287
31.4225
31.5337
31.6306
31.729
31.8238
31.9278
32.0297
32.1223
32.2259
32.3176
32.4154
32.5197
32.6108
32.7206
32.8168
32.9123
33.0233
33.1167
33.2182
33.3162
33.4187
33.5108
33.6108
33.7103
33.8126
33.918
34.0097
34.1091
34.2082
34.3133
34.409
34.5105
34.6025
34.7064
34.8039
34.8988
34.9983
35.0981
35.2023
35.3013
35.4047
35.4955
35.5992
35.6984
35.7988
35.9033
35.9979
36.1008
36.2013
36.3096
36.3973
36.4968
36.6078
36.6957
36.7902
36.8933
36.9969
37.0923
37.1885
37.2945
37.3987
37.4937
37.6041
37.6983
37.8013
37.8976
37.9987
38.0999
38.1964
38.296
38.3914
38.4878
38.5823
38.6841
38.7812
38.8836
38.982
39.0784
39.1929
39.2898
39.3889
39.4859
39.5833
39.6859
39.7805
39.8846
39.9789
40.0834
40.1793
40.2817
40.3843
40.4763
40.5877
40.6841
40.7735
40.8823
40.9816
41.0725
41.1813
41.2733
41.384
41.4757
41.5703
41.6744
41.7705
41.8665
41.9618
42.065
42.1721
42.2713
42.3651
42.463
42.565
42.6596
42.7571
42.8607
42.9545
43.0717
43.1596
43.261
43.3604
43.4587
43.557
43.6698
43.7562
43.8649
43.9519
44.0587
44.1626
44.2505
44.3596
44.4492
44.5557
44.6553
44.7486
44.8523
44.9416
45.0454
45.1514
45.2512
45.3538
45.4458
45.5436
45.6472
45.745
45.8504
45.9404
46.0463
46.2447
46.3469
46.4393
46.5439
46.6446
46.7462
46.839
46.9375
47.0359
47.1476
47.235
47.3471
47.4425
47.5432
47.6395
47.7378
47.8379
47.9357
48.038
48.1439
48.2463
48.3378
48.4342
48.5393
48.6356
48.7395
48.8375
48.9341
49.0397
49.141
49.2346
49.3333
49.4381
49.5356
49.6373
49.7341
49.8363
49.9328
50.0311
50.1463
50.2263
50.3234
50.4231
50.5268
50.6223
50.7262
50.824
50.9281
51.0306
51.126
51.2181
51.3244
51.4247
51.5275
51.6202
51.7273
51.82
51.9208
52.0193
52.1199
52.2151
52.3144
52.4144
52.516
52.6119
52.7165
52.8268
52.9133
53.0189
53.116
53.2134
53.3129
53.4063
53.5012
53.6006
53.7046
53.8107
53.899
54.0045
54.1051
54.2043
54.2971
54.4107
54.4972
54.6003
54.6923
54.8
54.8984
55
55.0926
55.1905
55.2944
55.3878
55.4912
55.5846
55.6852
55.7838
55.8848
55.9882
56.0864
56.1804
56.2921
56.3816
56.4788
56.5801
56.6827
56.7833
56.8793
56.981
57.0727
57.1818
57.2749
57.3813
57.4742
57.5749
57.6796
57.7741
57.8759
57.9773
58.0697
58.1723
58.2682
58.3687
58.4746
58.5679
58.6702
58.7696
58.873
58.977
59.0714
59.167
59.2688
59.3696
59.477
59.5761
59.6718
59.7733
59.8708
59.9811
60.0639
60.1643
60.2652
60.3558
60.443
60.5381
60.646
60.7438
60.8414
60.9402
61.0371
61.1408
61.2364
61.3473
61.4399
61.532
61.6403
61.7344
61.8391
61.9707
62.0351
62.139
62.237
62.337
62.4374
62.5363
62.6315
62.7307
62.8342
62.9349
63.0339
63.1329
63.2344
63.3313
63.4381
63.5337
63.6282
63.7342
63.832
63.9392
64.0261
64.1307
64.2254
64.3297
64.435
64.5295
64.6303
64.7232
64.8237
64.9207
65.0283
65.1204
65.2218
65.3275
65.422
65.5236
65.6241
65.7253
65.823
65.9258
66.0204
66.1238
66.218
66.3186
66.4193
66.5178
66.6233
66.7154
66.8173
66.9139
67.0133
67.1209
67.2176
67.3117
67.4132
67.5096
67.6186
67.7088
67.8149
67.912
68.0092
68.1146
68.2145
68.313
68.4058
68.5145
68.6111
68.7088
68.8127
68.9076
69.0103
69.1117
69.1999
69.305
69.4038
69.4994
69.6072
69.7038
69.797
69.9134
70.0031
70.1022
70.1999
70.2928
70.3935
70.4951
70.5916
70.6958
70.7979
70.8964
70.9979
71.0959
71.1856
71.2779
71.368
71.4776
71.5745
71.6727
71.78
71.8689
71.9717
72.0697
72.1684
72.2633
72.3619
72.4638
72.5656
72.6598
72.7575
72.8575
72.9615
73.0556
73.1625
73.2586
73.368
73.458
73.5494
73.6614
73.7556
73.8621
73.9545
74.0506
74.1524
74.2599
74.3547
74.453
74.553
74.6616
74.756
74.8526
74.9549
75.0506
75.1543
75.2549
75.354
75.4558
75.557
75.6534
75.7536
75.8571
75.9592
76.0535
76.1519
76.2495
76.3512
76.4578
76.5468
76.6516
76.7454
76.8429
76.9492
77.044
77.1474
77.2491
77.3509
77.4529
77.5423
77.6462
77.7401
77.8386
77.9371
78.0382
78.1386
78.2377
78.3382
78.4397
78.5386
78.6406
78.7413
78.8374
78.9383
79.0334
79.1352
79.2489
79.3299
79.4304
79.5291
79.629
79.7283
79.8247
79.9315
80.026
80.1344
80.2388
80.3291
80.4263
80.5262
80.6309
80.7319
80.8292
80.9322
81.0261
81.1256
81.2333
81.3249
81.4198
81.5187
81.619
81.7208
81.8192
81.9181
82.0148
82.1199
82.2165
82.3176
82.4225
82.5125
82.6156
82.7166
82.8135
82.9125
83.0141
83.111
83.211
83.3127
83.4109
83.5094
83.6072
83.703
83.8043
83.907
84.0042
84.1028
84.2036
84.307
84.4067
84.5066
84.6048
84.7041
84.807
84.9032
85.0019
85.1061
85.2042
85.3052
85.4043
85.4978
85.5979
85.691
85.7946
85.8955
85.9978
86.1035
86.1905
86.2925
86.3981
86.4887
86.5927
86.6853
86.7871
86.8874
86.9939
87.0906
87.1847
87.2919
87.3832
87.487
87.5875
87.6855
87.786
87.8817
87.9797
88.0828
88.1824
88.2866
88.3791
88.4804
88.5807
88.6904
88.7825
88.8849
88.9772
89.0799
89.1746
89.2721
89.3816
89.4768
89.5764
89.6715
89.7691
89.8784
89.9745
90.072
90.1746
90.2637
90.3705
90.4689
90.5633
90.6584
90.7606
90.8582
90.9647
91.0653
91.1628
91.262
91.3572
91.4589
91.5615
91.662
91.7548
91.8582
91.9542
92.0481
92.1548
92.1781
92.2794
92.3863
92.4832
92.5797
92.6788
92.7833
92.8785
92.9787
93.0712
93.1669
93.2753
93.3715
93.475
93.5726
93.6699
93.7751
93.8682
93.9745
94.0672
94.1656
94.2832
94.3698
94.4702
94.568
94.6634
94.7754
94.8692
94.9662
95.0709
95.1689
95.2691
95.3668
95.4641
95.5643
95.665
95.7652
95.8632
95.9717
96.0669
96.1601
96.2687
96.3652
96.4568
96.559
96.6526
96.755
96.8637
96.9597
97.0604
97.0919
97.1909
97.2953
97.3978
97.4959
97.6061
97.6926
97.796
97.8972
97.9977
98.0977
98.1994
98.2911
98.3913
98.4896
98.5911
98.6994
98.7891
98.8921
98.995
99.0975
99.1906
99.2924
99.3969
99.4983
99.5924
99.6922
99.7895
99.8896
100.009
100.083
100.192
100.289
100.393
100.49
100.583
100.689
100.779
100.876
100.986
101.076
101.184
101.279
101.376
101.481
101.578
101.677
101.778
101.88
101.977
102.071
102.169
102.283
102.375
102.492
102.569
102.669
102.763
102.869
102.977
